20180810_iphone_green_0109_281.jpg 1 call 209 562 826 1314 
20180810_iphone_green_0009_11.jpg 1 call 252 683 988 1298 
20180810_iphone_green_0081_101.jpg 1 call 240 788 1007 1550 
20180810_iphone_green_0026_31.jpg 1 call 169 810 961 1621 
20180810_iphone_green_0109_256.jpg 1 call 402 619 942 1236 
20180810_iphone_green_0066_216.jpg 1 call 475 1081 906 1439 
20180810_iphone_green_0081_471.jpg 1 call 211 893 857 1502 
20180810_iphone_green_0039_266.jpg 1 call 257 431 930 1055 
20180810_iphone_green_0066_376.jpg 1 call 274 771 711 1233 
20180810_iphone_green_0026_181.jpg 1 call 140 800 897 1588 
20180810_iphone_green_0026_156.jpg 1 call 154 948 776 1574 
20180810_iphone_green_0095_121.jpg 1 call 76 545 980 1460 
20180810_iphone_green_0066_11.jpg 1 call 271 448 947 1069 
20180810_iphone_green_0009_221.jpg 1 call 216 740 1047 1224 
20180810_iphone_green_0066_606.jpg 1 call 285 610 838 1164 
20180810_iphone_green_0109_336.jpg 1 call 477 706 835 1060 
20180810_iphone_green_0039_71.jpg 1 call 97 471 978 1286 
20180810_iphone_green_0026_426.jpg 1 call 161 690 797 1264 
20180810_iphone_green_0095_336.jpg 1 call 143 516 734 1184 
20180810_iphone_green_0026_396.jpg 1 call 245 707 947 1429 
20180810_iphone_green_0066_161.jpg 1 call 273 911 1057 1536 
20180810_iphone_green_0081_276.jpg 1 call 266 740 938 1371 
20180810_iphone_green_0052_106.jpg 1 call 235 624 716 1105 
20180810_iphone_green_0081_316.jpg 1 call 238 819 1038 1545 
20180810_iphone_green_0081_66.jpg 1 call 100 714 983 1617 
20180810_iphone_green_0066_571.jpg 1 call 73 526 969 1443 
20180810_iphone_green_0009_156.jpg 1 call 307 838 919 1552 
20180810_iphone_green_0095_256.jpg 1 call 83 405 957 1298 
20180810_iphone_green_0026_221.jpg 1 call 119 798 709 1383 
20180810_iphone_green_0009_181.jpg 1 call 50 702 954 1279 
20180810_iphone_green_0095_281.jpg 1 call 209 721 1040 1545 
20180810_iphone_green_0039_111.jpg 1 call 304 855 780 1364 
20180810_iphone_green_0109_296.jpg 1 call 95 840 738 1588 
20180810_iphone_green_0066_1.jpg 1 call 321 293 992 933 
20180810_iphone_green_0081_116.jpg 1 call 259 660 952 1338 
20180810_iphone_green_0026_26.jpg 1 call 102 774 876 1590 
20180810_iphone_green_0109_241.jpg 1 call 542 910 995 1345 
20180810_iphone_green_0066_201.jpg 1 call 280 1021 802 1488 
20180810_iphone_green_0095_11.jpg 1 call 83 719 642 1276 
20180810_iphone_green_0081_466.jpg 1 call 222 790 905 1414 
20180810_iphone_green_0009_356.jpg 1 call 83 983 1054 1550 
20180810_iphone_green_0026_196.jpg 1 call 30 843 973 1812 
20180810_iphone_green_0066_361.jpg 1 call 342 874 811 1310 
20180810_iphone_green_0026_141.jpg 1 call 152 971 733 1562 
20180810_iphone_green_0095_136.jpg 1 call 279 430 1009 1164 
20180810_iphone_green_0009_236.jpg 1 call 226 821 1052 1364 
20180810_iphone_green_0066_611.jpg 1 call 276 595 754 1098 
20180810_iphone_green_0109_321.jpg 1 call 366 712 802 1179 
20180810_iphone_green_0039_66.jpg 1 call 204 574 940 1295 
20180810_iphone_green_0026_431.jpg 1 call 195 640 852 1269 
20180810_iphone_green_0026_356.jpg 1 call 235 710 769 1269 
20180810_iphone_green_0066_176.jpg 1 call 142 921 969 1538 
20180810_iphone_green_0026_381.jpg 1 call 219 660 880 1355 
20180810_iphone_green_0081_261.jpg 1 call 219 938 761 1431 
20180810_iphone_green_0052_111.jpg 1 call 237 577 714 1052 
20180810_iphone_green_0081_301.jpg 1 call 228 736 1038 1471 
20180810_iphone_green_0081_71.jpg 1 call 90 752 976 1660 
20180810_iphone_green_0066_566.jpg 1 call 78 507 964 1426 
20180810_iphone_green_0009_141.jpg 1 call 400 855 1026 1426 
20180810_iphone_green_0095_241.jpg 1 call 35 438 909 1317 
20180810_iphone_green_0026_236.jpg 1 call 213 758 646 1206 
20180810_iphone_green_0009_196.jpg 1 call 33 717 954 1302 
20180810_iphone_green_0039_106.jpg 1 call 292 729 826 1295 
20180810_iphone_green_0009_186.jpg 1 call 40 721 969 1300 
20180810_iphone_green_0039_116.jpg 1 call 272 921 690 1358 
20180810_iphone_green_0052_471.jpg 1 call 52 476 923 1236 
20180810_iphone_green_0009_151.jpg 1 call 369 883 961 1564 
20180810_iphone_green_0095_251.jpg 1 call 71 360 969 1264 
20180810_iphone_green_0026_226.jpg 1 call 109 760 640 1293 
20180810_iphone_green_0066_576.jpg 1 call 104 545 978 1421 
20180810_iphone_green_0052_101.jpg 1 call 164 621 707 1131 
20180810_iphone_green_0081_311.jpg 1 call 211 776 1016 1531 
20180810_iphone_green_0081_271.jpg 1 call 235 788 873 1369 
20180810_iphone_green_0066_166.jpg 1 call 223 919 1011 1569 
20180810_iphone_green_0026_391.jpg 1 call 247 726 978 1429 
20180810_iphone_green_0052_511.jpg 1 call 196 433 866 1060 
20180810_iphone_green_0109_331.jpg 1 call 464 669 857 1048 
20180810_iphone_green_0039_76.jpg 1 call 102 433 1007 1300 
20180810_iphone_green_0026_421.jpg 1 call 190 700 842 1269 
20180810_iphone_green_0066_601.jpg 1 call 278 631 902 1236 
20180810_iphone_green_0026_151.jpg 1 call 147 933 761 1552 
20180810_iphone_green_0095_126.jpg 1 call 126 483 980 1360 
20180810_iphone_green_0066_16.jpg 1 call 238 488 921 1124 
20180810_iphone_green_0009_226.jpg 1 call 197 769 1028 1262 
20180810_iphone_green_0039_261.jpg 1 call 214 398 947 1052 
20180810_iphone_green_0026_186.jpg 1 call 61 814 838 1610 
20180810_iphone_green_0066_371.jpg 1 call 316 793 730 1238 
20180810_iphone_green_0081_476.jpg 1 call 226 945 830 1545 
20180810_iphone_green_0009_346.jpg 1 call 33 1002 1066 1638 
20180810_iphone_green_0066_211.jpg 1 call 416 1067 861 1443 
20180810_iphone_green_0081_106.jpg 1 call 252 700 985 1419 
20180810_iphone_green_0026_36.jpg 1 call 214 771 995 1583 
20180810_iphone_green_0109_251.jpg 1 call 392 729 954 1281 
20180810_iphone_green_0109_286.jpg 1 call 164 393 821 1219 
20180810_iphone_green_0009_16.jpg 1 call 245 693 973 1290 
20180810_iphone_green_0039_101.jpg 1 call 192 562 809 1183 
20180810_iphone_green_0009_146.jpg 1 call 359 890 988 1533 
20180810_iphone_green_0052_466.jpg 1 call 83 507 907 1269 
20180810_iphone_green_0095_246.jpg 1 call 28 390 942 1310 
20180810_iphone_green_0026_231.jpg 1 call 159 760 630 1238 
20180810_iphone_green_0081_76.jpg 1 call 92 774 983 1671 
20180810_iphone_green_0066_561.jpg 1 call 119 471 1000 1407 
20180810_iphone_green_0052_116.jpg 1 call 229 531 692 1006 
20180810_iphone_green_0081_306.jpg 1 call 216 748 1028 1526 
20180810_iphone_green_0066_401.jpg 1 call 30 700 700 1371 
20180810_iphone_green_0081_266.jpg 1 call 217 865 816 1421 
20180810_iphone_green_0026_386.jpg 1 call 240 686 933 1388 
20180810_iphone_green_0066_171.jpg 1 call 147 919 961 1543 
20180810_iphone_green_0109_326.jpg 1 call 438 658 855 1061 
20180810_iphone_green_0039_61.jpg 1 call 219 726 926 1374 
20180810_iphone_green_0026_436.jpg 1 call 245 600 921 1288 
20180810_iphone_green_0066_616.jpg 1 call 285 600 742 1071 
20180810_iphone_green_0081_501.jpg 1 call 561 1136 1035 1581 
20180810_iphone_green_0026_146.jpg 1 call 150 940 742 1550 
20180810_iphone_green_0095_131.jpg 1 call 216 433 995 1240 
20180810_iphone_green_0009_231.jpg 1 call 192 802 1023 1312 
20180810_iphone_green_0066_366.jpg 1 call 340 833 780 1257 
20180810_iphone_green_0026_191.jpg 1 call 40 831 890 1705 
20180810_iphone_green_0081_461.jpg 1 call 209 714 900 1336 
20180810_iphone_green_0009_351.jpg 1 call 54 993 1054 1576 
20180810_iphone_green_0066_206.jpg 1 call 366 1055 838 1471 
20180810_iphone_green_0095_16.jpg 1 call 138 733 671 1290 
20180810_iphone_green_0081_111.jpg 1 call 264 652 964 1343 
20180810_iphone_green_0026_21.jpg 1 call 76 748 883 1569 
20180810_iphone_green_0109_246.jpg 1 call 457 845 966 1333 
20180810_iphone_green_0066_6.jpg 1 call 297 379 966 1005 
20180810_iphone_green_0109_291.jpg 1 call 38 536 800 1388 
20180810_iphone_green_0052_11.jpg 1 call 326 698 1021 1362 
20180810_iphone_green_0026_91.jpg 1 call 316 1155 892 1669 
20180810_iphone_green_0052_76.jpg 1 call 195 645 826 1317 
20180810_iphone_green_0066_711.jpg 1 call 145 426 850 1217 
20180810_iphone_green_0109_221.jpg 1 call 554 810 976 1121 
20180810_iphone_green_0081_176.jpg 1 call 97 624 1021 1519 
20180810_iphone_green_0026_46.jpg 1 call 259 745 947 1545 
20180810_iphone_green_0066_261.jpg 1 call 257 974 742 1390 
20180810_iphone_green_0095_71.jpg 1 call 0 650 959 1590 
20180810_iphone_green_0081_406.jpg 1 call 161 753 916 1440 
20180810_iphone_green_0095_181.jpg 1 call 178 731 742 1279 
20180810_iphone_green_0066_301.jpg 1 call 35 826 895 1657 
20180810_iphone_green_0039_211.jpg 1 call 47 548 421 1102 
20180810_iphone_green_0066_66.jpg 1 call 245 510 992 1343 
20180810_iphone_green_0081_566.jpg 1 call 185 950 838 1557 
20180810_iphone_green_0026_121.jpg 1 call 257 969 802 1467 
20180810_iphone_green_0095_156.jpg 1 call 345 750 861 1252 
20180810_iphone_green_0066_671.jpg 1 call 83 638 750 1343 
20180810_iphone_green_0026_451.jpg 1 call 283 676 952 1317 
20180810_iphone_green_0109_341.jpg 1 call 467 694 811 1035 
20180810_iphone_green_0109_426.jpg 1 call 273 440 966 1060 
20180810_iphone_green_0095_341.jpg 1 call 321 619 1011 1200 
20180810_iphone_green_0095_396.jpg 1 call 207 790 1004 1445 
20180810_iphone_green_0066_116.jpg 1 call 390 838 926 1350 
20180810_iphone_green_0081_201.jpg 1 call 351 797 861 1269 
20180810_iphone_green_0109_156.jpg 1 call 166 664 938 1302 
20180810_iphone_green_0109_181.jpg 1 call 351 723 959 1231 
20180810_iphone_green_0066_466.jpg 1 call 345 574 923 1200 
20180810_iphone_green_0081_361.jpg 1 call 247 752 788 1262 
20180810_iphone_green_0066_506.jpg 1 call 216 512 852 1176 
20180810_iphone_green_0009_121.jpg 1 call 152 702 892 1267 
20180810_iphone_green_0095_221.jpg 1 call 35 533 895 1355 
20180810_iphone_green_0026_281.jpg 1 call 64 488 938 1350 
20180810_iphone_green_0026_86.jpg 1 call 288 1145 847 1702 
20180810_iphone_green_0066_706.jpg 1 call 100 421 840 1262 
20180810_iphone_green_0052_61.jpg 1 call 21 736 830 1562 
20180810_iphone_green_0109_236.jpg 1 call 640 895 1047 1293 
20180810_iphone_green_0039_1.jpg 1 call 346 985 966 1498 
20180810_iphone_green_0026_51.jpg 1 call 261 764 883 1498 
20180810_iphone_green_0026_6.jpg 1 call 195 655 1000 1438 
20180810_iphone_green_0039_366.jpg 1 call 228 429 742 1162 
20180810_iphone_green_0066_276.jpg 1 call 80 940 719 1517 
20180810_iphone_green_0081_411.jpg 1 call 188 781 983 1502 
20180810_iphone_green_0066_316.jpg 1 call 73 793 957 1714 
20180810_iphone_green_0039_206.jpg 1 call 50 626 411 1157 
20180810_iphone_green_0066_71.jpg 1 call 295 586 992 1374 
20180810_iphone_green_0081_571.jpg 1 call 209 912 816 1450 
20180810_iphone_green_0026_136.jpg 1 call 128 1005 680 1576 
20180810_iphone_green_0095_141.jpg 1 call 350 507 1000 1164 
20180810_iphone_green_0066_666.jpg 1 call 147 660 747 1290 
20180810_iphone_green_0039_11.jpg 1 call 378 979 1047 1593 
20180810_iphone_green_0026_446.jpg 1 call 235 612 907 1276 
20180810_iphone_green_0109_356.jpg 1 call 266 505 747 957 
20180810_iphone_green_0109_431.jpg 1 call 395 510 959 1052 
20180810_iphone_green_0095_356.jpg 1 call 254 721 1028 1260 
20180810_iphone_green_0095_381.jpg 1 call 209 779 990 1414 
20180810_iphone_green_0066_101.jpg 1 call 426 640 869 1181 
20180810_iphone_green_0081_216.jpg 1 call 378 838 828 1257 
20180810_iphone_green_0109_196.jpg 1 call 460 733 909 1129 
20180810_iphone_green_0066_471.jpg 1 call 359 571 940 1167 
20180810_iphone_green_0052_166.jpg 1 call 76 648 897 1464 
20180810_iphone_green_0081_376.jpg 1 call 345 779 861 1248 
20180810_iphone_green_0066_511.jpg 1 call 123 526 788 1205 
20180810_iphone_green_0009_136.jpg 1 call 390 814 1054 1357 
20180810_iphone_green_0095_236.jpg 1 call 0 440 892 1319 
20180810_iphone_green_0081_606.jpg 1 call 272 592 748 1073 
20180810_iphone_green_0026_296.jpg 1 call 71 831 852 1552 
20180810_iphone_green_0026_286.jpg 1 call 17 612 847 1426 
20180810_iphone_green_0009_126.jpg 1 call 295 702 985 1295 
20180810_iphone_green_0095_226.jpg 1 call 57 514 883 1345 
20180810_iphone_green_0066_501.jpg 1 call 295 483 904 1076 
20180810_iphone_green_0081_366.jpg 1 call 295 765 824 1258 
20180810_iphone_green_0109_186.jpg 1 call 440 688 945 1148 
20180810_iphone_green_0066_461.jpg 1 call 328 567 935 1233 
20180810_iphone_green_0081_206.jpg 1 call 364 819 855 1269 
20180810_iphone_green_0095_391.jpg 1 call 223 798 1023 1440 
20180810_iphone_green_0066_111.jpg 1 call 397 724 880 1236 
20180810_iphone_green_0109_421.jpg 1 call 173 371 945 1048 
20180810_iphone_green_0095_421.jpg 1 call 200 800 973 1471 
20180810_iphone_green_0026_456.jpg 1 call 290 688 923 1288 
20180810_iphone_green_0109_346.jpg 1 call 409 636 797 993 
20180810_iphone_green_0066_61.jpg 1 call 202 469 1023 1431 
20180810_iphone_green_0081_561.jpg 1 call 164 969 871 1624 
20180810_iphone_green_0026_126.jpg 1 call 161 1048 721 1545 
20180810_iphone_green_0095_151.jpg 1 call 366 698 888 1224 
20180810_iphone_green_0009_251.jpg 1 call 133 852 978 1445 
20180810_iphone_green_0095_186.jpg 1 call 71 681 721 1312 
20180810_iphone_green_0066_306.jpg 1 call 85 802 973 1645 
20180810_iphone_green_0081_401.jpg 1 call 145 710 830 1336 
20180810_iphone_green_0066_266.jpg 1 call 219 950 740 1431 
20180810_iphone_green_0095_76.jpg 1 call 104 688 1011 1581 
20180810_iphone_green_0109_226.jpg 1 call 637 834 1037 1160 
20180810_iphone_green_0081_171.jpg 1 call 35 583 1028 1564 
20180810_iphone_green_0026_41.jpg 1 call 228 736 964 1571 
20180810_iphone_green_0026_96.jpg 1 call 385 1083 954 1583 
20180810_iphone_green_0052_71.jpg 1 call 207 660 869 1381 
20180810_iphone_green_0066_716.jpg 1 call 178 438 866 1193 
20180810_iphone_green_0009_61.jpg 1 call 109 700 1035 1407 
20180810_iphone_green_0026_291.jpg 1 call 38 748 826 1505 
20180810_iphone_green_0009_131.jpg 1 call 369 755 1066 1336 
20180810_iphone_green_0095_231.jpg 1 call 4 464 890 1329 
20180810_iphone_green_0081_601.jpg 1 call 349 350 847 870 
20180810_iphone_green_0052_161.jpg 1 call 128 635 909 1415 
20180810_iphone_green_0081_371.jpg 1 call 321 776 821 1245 
20180810_iphone_green_0109_191.jpg 1 call 426 698 916 1119 
20180810_iphone_green_0066_476.jpg 1 call 378 550 945 1114 
20180810_iphone_green_0081_211.jpg 1 call 364 829 835 1267 
20180810_iphone_green_0095_386.jpg 1 call 216 800 1019 1471 
20180810_iphone_green_0066_106.jpg 1 call 411 662 876 1186 
20180810_iphone_green_0109_436.jpg 1 call 464 555 926 1019 
20180810_iphone_green_0039_16.jpg 1 call 328 962 1059 1576 
20180810_iphone_green_0026_441.jpg 1 call 250 580 942 1298 
20180810_iphone_green_0109_351.jpg 1 call 340 569 779 961 
20180810_iphone_green_0066_661.jpg 1 call 211 674 771 1257 
20180810_iphone_green_0066_76.jpg 1 call 342 669 1021 1405 
20180810_iphone_green_0081_576.jpg 1 call 261 814 833 1374 
20180810_iphone_green_0026_131.jpg 1 call 109 1040 657 1560 
20180810_iphone_green_0095_146.jpg 1 call 357 621 942 1207 
20180810_iphone_green_0009_246.jpg 1 call 202 845 1021 1421 
20180810_iphone_green_0066_311.jpg 1 call 76 790 971 1650 
20180810_iphone_green_0039_201.jpg 1 call 104 610 502 1179 
20180810_iphone_green_0081_416.jpg 1 call 188 798 992 1536 
20180810_iphone_green_0026_1.jpg 1 call 188 681 983 1452 
20180810_iphone_green_0039_361.jpg 1 call 254 417 771 1105 
20180810_iphone_green_0066_271.jpg 1 call 169 938 716 1419 
20180810_iphone_green_0109_231.jpg 1 call 661 870 1073 1224 
20180810_iphone_green_0039_6.jpg 1 call 347 960 971 1543 
20180810_iphone_green_0026_56.jpg 1 call 266 771 861 1450 
20180810_iphone_green_0052_376.jpg 1 call 296 507 814 961 
20180810_iphone_green_0026_81.jpg 1 call 300 1112 864 1683 
20180810_iphone_green_0066_701.jpg 1 call 88 424 830 1293 
20180810_iphone_green_0052_66.jpg 1 call 142 693 871 1467 
20180810_iphone_green_0009_76.jpg 1 call 38 738 1045 1479 
20180810_iphone_green_0039_191.jpg 1 call 46 532 625 1105 
20180810_iphone_green_0026_276.jpg 1 call 169 464 1021 1333 
20180810_iphone_green_0009_101.jpg 1 call 221 798 942 1414 
20180810_iphone_green_0081_396.jpg 1 call 154 664 800 1260 
20180810_iphone_green_0081_341.jpg 1 call 222 837 869 1440 
20180810_iphone_green_0066_446.jpg 1 call 280 600 957 1412 
20180810_iphone_green_0109_176.jpg 1 call 304 719 961 1293 
20180810_iphone_green_0066_491.jpg 1 call 407 433 966 993 
20180810_iphone_green_0081_221.jpg 1 call 380 836 840 1241 
20180810_iphone_green_0066_136.jpg 1 call 297 1062 947 1662 
20180810_iphone_green_0052_1.jpg 1 call 342 505 950 1140 
20180810_iphone_green_0026_316.jpg 1 call 252 855 802 1390 
20180810_iphone_green_0095_361.jpg 1 call 233 736 995 1281 
20180810_iphone_green_0109_361.jpg 1 call 126 457 721 988 
20180810_iphone_green_0095_406.jpg 1 call 192 798 971 1464 
20180810_iphone_green_0066_651.jpg 1 call 328 671 771 1138 
20180810_iphone_green_0026_101.jpg 1 call 380 1002 971 1588 
20180810_iphone_green_0081_546.jpg 1 call 159 1062 911 1752 
20180810_iphone_green_0095_176.jpg 1 call 246 775 784 1298 
20180810_iphone_green_0066_46.jpg 1 call 166 460 926 1252 
20180810_iphone_green_0039_231.jpg 1 call 145 393 619 1143 
20180810_iphone_green_0066_91.jpg 1 call 430 669 952 1267 
20180810_iphone_green_0066_321.jpg 1 call 121 810 976 1626 
20180810_iphone_green_0095_86.jpg 1 call 54 679 990 1574 
20180810_iphone_green_0039_386.jpg 1 call 257 240 904 1171 
20180810_iphone_green_0081_426.jpg 1 call 142 795 1026 1583 
20180810_iphone_green_0066_241.jpg 1 call 435 1140 871 1510 
20180810_iphone_green_0039_351.jpg 1 call 280 462 754 1100 
20180810_iphone_green_0052_346.jpg 1 call 151 558 832 1173 
20180810_iphone_green_0052_81.jpg 1 call 157 648 776 1281 
20180810_iphone_green_0026_66.jpg 1 call 323 860 897 1445 
20180810_iphone_green_0009_91.jpg 1 call 233 790 1011 1421 
20180810_iphone_green_0109_201.jpg 1 call 464 805 921 1167 
20180810_iphone_green_0009_46.jpg 1 call 226 679 1019 1276 
20180810_iphone_green_0066_731.jpg 1 call 183 545 847 1212 
20180810_iphone_green_0081_181.jpg 1 call 166 648 964 1429 
20180810_iphone_green_0039_186.jpg 1 call 66 505 626 1214 
20180810_iphone_green_0095_216.jpg 1 call 88 548 900 1336 
20180810_iphone_green_0052_436.jpg 1 call 73 638 740 1236 
20180810_iphone_green_0009_116.jpg 1 call 30 721 800 1283 
20180810_iphone_green_0081_381.jpg 1 call 353 766 890 1252 
20180810_iphone_green_0081_356.jpg 1 call 205 744 763 1274 
20180810_iphone_green_0052_146.jpg 1 call 202 545 833 1188 
20180810_iphone_green_0066_451.jpg 1 call 300 576 947 1348 
20180810_iphone_green_0109_161.jpg 1 call 171 629 942 1295 
20180810_iphone_green_0081_236.jpg 1 call 369 806 825 1203 
20180810_iphone_green_0066_486.jpg 1 call 400 443 961 995 
20180810_iphone_green_0066_121.jpg 1 call 357 983 919 1510 
20180810_iphone_green_0026_301.jpg 1 call 92 850 780 1540 
20180810_iphone_green_0095_376.jpg 1 call 207 755 971 1321 
20180810_iphone_green_0109_411.jpg 1 call 21 390 871 1131 
20180810_iphone_green_0095_411.jpg 1 call 196 800 969 1479 
20180810_iphone_green_0066_646.jpg 1 call 343 661 785 1105 
20180810_iphone_green_0026_116.jpg 1 call 280 912 880 1488 
20180810_iphone_green_0081_551.jpg 1 call 152 1024 897 1717 
20180810_iphone_green_0095_161.jpg 1 call 369 779 845 1252 
20180810_iphone_green_0066_51.jpg 1 call 180 452 942 1281 
20180810_iphone_green_0039_226.jpg 1 call 73 262 585 1010 
20180810_iphone_green_0066_86.jpg 1 call 379 703 990 1356 
20180810_iphone_green_0081_586.jpg 1 call 416 540 942 1102 
20180810_iphone_green_0066_336.jpg 1 call 264 819 904 1424 
20180810_iphone_green_0095_91.jpg 1 call 71 683 957 1564 
20180810_iphone_green_0039_391.jpg 1 call 266 290 952 1062 
20180810_iphone_green_0081_431.jpg 1 call 138 776 1028 1550 
20180810_iphone_green_0066_256.jpg 1 call 280 1031 752 1450 
20180810_iphone_green_0039_346.jpg 1 call 328 595 730 1117 
20180810_iphone_green_0081_141.jpg 1 call 64 633 800 1338 
20180810_iphone_green_0052_96.jpg 1 call 163 606 688 1142 
20180810_iphone_green_0026_71.jpg 1 call 338 962 938 1548 
20180810_iphone_green_0009_86.jpg 1 call 185 767 1040 1448 
20180810_iphone_green_0109_216.jpg 1 call 528 790 945 1119 
20180810_iphone_green_0052_386.jpg 1 call 345 548 816 962 
20180810_iphone_green_0009_51.jpg 1 call 190 690 1016 1312 
20180810_iphone_green_0081_196.jpg 1 call 342 788 878 1305 
20180810_iphone_green_0066_726.jpg 1 call 214 526 885 1217 
20180810_iphone_green_0052_396.jpg 1 call 364 617 790 1021 
20180810_iphone_green_0009_41.jpg 1 call 269 676 1040 1279 
20180810_iphone_green_0081_186.jpg 1 call 247 693 954 1352 
20180810_iphone_green_0066_736.jpg 1 call 166 552 819 1212 
20180810_iphone_green_0052_341.jpg 1 call 133 564 876 1224 
20180810_iphone_green_0052_86.jpg 1 call 135 614 723 1229 
20180810_iphone_green_0026_61.jpg 1 call 300 783 921 1398 
20180810_iphone_green_0009_96.jpg 1 call 238 795 983 1431 
20180810_iphone_green_0109_206.jpg 1 call 473 824 919 1157 
20180810_iphone_green_0066_246.jpg 1 call 376 1131 828 1533 
20180810_iphone_green_0039_356.jpg 1 call 304 452 752 1102 
20180810_iphone_green_0095_81.jpg 1 call 54 683 1009 1579 
20180810_iphone_green_0081_421.jpg 1 call 180 805 1040 1562 
20180810_iphone_green_0039_236.jpg 1 call 35 498 714 1207 
20180810_iphone_green_0066_96.jpg 1 call 428 638 935 1202 
20180810_iphone_green_0081_596.jpg 1 call 461 226 983 760 
20180810_iphone_green_0066_326.jpg 1 call 202 826 1002 1645 
20180810_iphone_green_0026_106.jpg 1 call 350 910 945 1510 
20180810_iphone_green_0081_541.jpg 1 call 180 1067 930 1790 
20180810_iphone_green_0095_171.jpg 1 call 330 805 811 1279 
20180810_iphone_green_0066_41.jpg 1 call 157 488 880 1240 
20180810_iphone_green_0066_656.jpg 1 call 280 676 761 1193 
20180810_iphone_green_0095_401.jpg 1 call 183 793 983 1519 
20180810_iphone_green_0026_311.jpg 1 call 178 864 783 1464 
20180810_iphone_green_0095_366.jpg 1 call 242 738 990 1355 
20180810_iphone_green_0066_131.jpg 1 call 297 1088 923 1681 
20180810_iphone_green_0052_6.jpg 1 call 361 629 985 1262 
20180810_iphone_green_0109_171.jpg 1 call 238 660 959 1269 
20180810_iphone_green_0081_226.jpg 1 call 385 826 834 1223 
20180810_iphone_green_0066_496.jpg 1 call 361 457 945 1021 
20180810_iphone_green_0066_441.jpg 1 call 257 638 930 1479 
20180810_iphone_green_0081_346.jpg 1 call 197 781 807 1381 
20180810_iphone_green_0052_156.jpg 1 call 123 605 904 1345 
20180810_iphone_green_0081_391.jpg 1 call 211 671 802 1214 
20180810_iphone_green_0039_196.jpg 1 call 83 533 602 1024 
20180810_iphone_green_0095_206.jpg 1 call 42 531 821 1298 
20180810_iphone_green_0026_271.jpg 1 call 240 583 1007 1333 
20180810_iphone_green_0052_426.jpg 1 call 159 669 742 1200 
20180810_iphone_green_0009_106.jpg 1 call 126 757 859 1367 
20180810_iphone_green_0052_381.jpg 1 call 359 521 819 956 
20180810_iphone_green_0009_56.jpg 1 call 148 687 1019 1337 
20180810_iphone_green_0066_721.jpg 1 call 195 479 869 1183 
20180810_iphone_green_0081_191.jpg 1 call 316 757 940 1350 
20180810_iphone_green_0052_356.jpg 1 call 185 531 792 1081 
20180810_iphone_green_0052_91.jpg 1 call 61 595 692 1167 
20180810_iphone_green_0026_76.jpg 1 call 340 1052 904 1614 
20180810_iphone_green_0009_81.jpg 1 call 138 750 1057 1433 
20180810_iphone_green_0109_211.jpg 1 call 508 792 919 1118 
20180810_iphone_green_0066_251.jpg 1 call 323 1100 778 1514 
20180810_iphone_green_0039_341.jpg 1 call 282 594 763 1179 
20180810_iphone_green_0095_96.jpg 1 call 33 662 940 1555 
20180810_iphone_green_0081_436.jpg 1 call 207 750 1028 1495 
20180810_iphone_green_0066_81.jpg 1 call 376 707 1026 1400 
20180810_iphone_green_0066_331.jpg 1 call 259 821 992 1495 
20180810_iphone_green_0081_581.jpg 1 call 306 679 855 1200 
20180810_iphone_green_0026_111.jpg 1 call 342 879 919 1474 
20180810_iphone_green_0081_556.jpg 1 call 145 1002 890 1700 
20180810_iphone_green_0095_166.jpg 1 call 359 800 834 1276 
20180810_iphone_green_0066_56.jpg 1 call 185 455 976 1302 
20180810_iphone_green_0066_641.jpg 1 call 359 653 784 1082 
20180810_iphone_green_0052_236.jpg 1 call 16 490 900 1360 
20180810_iphone_green_0095_416.jpg 1 call 200 795 964 1467 
20180810_iphone_green_0039_36.jpg 1 call 421 938 1045 1514 
20180810_iphone_green_0026_461.jpg 1 call 295 633 928 1233 
20180810_iphone_green_0066_696.jpg 1 call 42 431 852 1348 
20180810_iphone_green_0026_306.jpg 1 call 109 869 766 1521 
20180810_iphone_green_0095_371.jpg 1 call 230 750 976 1312 
20180810_iphone_green_0109_416.jpg 1 call 21 340 928 1062 
20180810_iphone_green_0066_126.jpg 1 call 316 1062 926 1638 
20180810_iphone_green_0109_166.jpg 1 call 230 645 940 1302 
20180810_iphone_green_0066_481.jpg 1 call 409 500 942 1043 
20180810_iphone_green_0081_231.jpg 1 call 382 798 823 1190 
20180810_iphone_green_0066_456.jpg 1 call 314 571 966 1286 
20180810_iphone_green_0081_351.jpg 1 call 185 752 769 1321 
20180810_iphone_green_0052_141.jpg 1 call 135 518 784 1116 
20180810_iphone_green_0081_386.jpg 1 call 292 719 864 1233 
20180810_iphone_green_0095_211.jpg 1 call 47 555 871 1321 
20180810_iphone_green_0052_431.jpg 1 call 95 660 735 1224 
20180810_iphone_green_0039_156.jpg 1 call 35 431 704 1302 
20180810_iphone_green_0039_131.jpg 1 call 261 806 695 1289 
20180810_iphone_green_0052_481.jpg 1 call 64 360 895 1100 
20180810_iphone_green_0095_276.jpg 1 call 157 662 1000 1524 
20180810_iphone_green_0009_176.jpg 1 call 130 652 966 1298 
20180810_iphone_green_0081_336.jpg 1 call 219 862 911 1540 
20180810_iphone_green_0066_586.jpg 1 call 195 612 1019 1412 
20180810_iphone_green_0052_126.jpg 1 call 142 477 628 983 
20180810_iphone_green_0066_431.jpg 1 call 240 679 919 1540 
20180810_iphone_green_0081_281.jpg 1 call 264 726 980 1421 
20180810_iphone_green_0081_256.jpg 1 call 242 964 766 1469 
20180810_iphone_green_0066_141.jpg 1 call 314 993 978 1629 
20180810_iphone_green_0026_361.jpg 1 call 254 674 814 1260 
20180810_iphone_green_0066_196.jpg 1 call 219 981 790 1490 
20180810_iphone_green_0039_51.jpg 1 call 311 933 935 1488 
20180810_iphone_green_0026_406.jpg 1 call 183 657 878 1352 
20180810_iphone_green_0109_316.jpg 1 call 274 813 753 1345 
20180810_iphone_green_0066_626.jpg 1 call 337 627 737 1042 
20180810_iphone_green_0009_201.jpg 1 call 71 695 971 1252 
20180810_iphone_green_0066_31.jpg 1 call 171 507 854 1152 
20180810_iphone_green_0039_291.jpg 1 call 228 367 961 996 
20180810_iphone_green_0066_381.jpg 1 call 230 755 697 1238 
20180810_iphone_green_0026_176.jpg 1 call 197 824 897 1560 
20180810_iphone_green_0081_531.jpg 1 call 278 1083 992 1760 
20180810_iphone_green_0095_101.jpg 1 call 52 610 935 1488 
20180810_iphone_green_0066_356.jpg 1 call 340 916 795 1353 
20180810_iphone_green_0039_246.jpg 1 call 109 281 835 1169 
20180810_iphone_green_0081_451.jpg 1 call 254 712 990 1371 
20180810_iphone_green_0095_26.jpg 1 call 19 729 638 1355 
20180810_iphone_green_0081_486.jpg 1 call 414 917 895 1374 
20180810_iphone_green_0066_236.jpg 1 call 478 1124 916 1481 
20180810_iphone_green_0109_276.jpg 1 call 133 669 797 1379 
20180810_iphone_green_0081_121.jpg 1 call 247 640 885 1281 
20180810_iphone_green_0026_11.jpg 1 call 171 657 909 1448 
20180810_iphone_green_0009_31.jpg 1 call 257 655 1007 1248 
20180810_iphone_green_0095_261.jpg 1 call 35 476 942 1374 
20180810_iphone_green_0026_216.jpg 1 call 135 824 783 1467 
20180810_iphone_green_0009_161.jpg 1 call 273 790 900 1514 
20180810_iphone_green_0066_546.jpg 1 call 138 502 1000 1414 
20180810_iphone_green_0066_591.jpg 1 call 278 633 1009 1364 
20180810_iphone_green_0009_6.jpg 1 call 240 669 978 1281 
20180810_iphone_green_0052_131.jpg 1 call 159 471 659 1000 
20180810_iphone_green_0081_296.jpg 1 call 242 724 1023 1450 
20180810_iphone_green_0066_426.jpg 1 call 211 671 916 1536 
20180810_iphone_green_0081_241.jpg 1 call 347 857 804 1267 
20180810_iphone_green_0066_156.jpg 1 call 292 895 1023 1464 
20180810_iphone_green_0066_181.jpg 1 call 138 898 966 1505 
20180810_iphone_green_0026_376.jpg 1 call 197 690 845 1360 
20180810_iphone_green_0039_46.jpg 1 call 409 938 992 1479 
20180810_iphone_green_0026_411.jpg 1 call 209 662 888 1286 
20180810_iphone_green_0109_301.jpg 1 call 50 933 740 1638 
20180810_iphone_green_0066_631.jpg 1 call 359 636 745 1045 
20180810_iphone_green_0009_216.jpg 1 call 204 688 1057 1221 
20180810_iphone_green_0066_26.jpg 1 call 192 524 926 1171 
20180810_iphone_green_0039_286.jpg 1 call 219 352 914 1007 
20180810_iphone_green_0026_161.jpg 1 call 178 955 776 1583 
20180810_iphone_green_0066_396.jpg 1 call 95 719 661 1317 
20180810_iphone_green_0095_116.jpg 1 call 69 590 985 1533 
20180810_iphone_green_0066_341.jpg 1 call 247 840 819 1374 
20180810_iphone_green_0039_251.jpg 1 call 157 255 976 1010 
20180810_iphone_green_0081_446.jpg 1 call 280 726 1057 1414 
20180810_iphone_green_0039_331.jpg 1 call 286 425 905 1185 
20180810_iphone_green_0066_221.jpg 1 call 507 1100 921 1450 
20180810_iphone_green_0081_491.jpg 1 call 483 948 945 1383 
20180810_iphone_green_0052_326.jpg 1 call 90 536 1009 1360 
20180810_iphone_green_0109_261.jpg 1 call 319 602 869 1279 
20180810_iphone_green_0081_136.jpg 1 call 157 607 842 1286 
20180810_iphone_green_0095_6.jpg 1 call 57 695 600 1250 
20180810_iphone_green_0009_26.jpg 1 call 264 676 992 1262 
20180810_iphone_green_0066_741.jpg 1 call 142 538 795 1200 
20180810_iphone_green_0009_36.jpg 1 call 269 667 1028 1271 
20180810_iphone_green_0109_271.jpg 1 call 240 657 811 1357 
20180810_iphone_green_0081_126.jpg 1 call 221 642 859 1276 
20180810_iphone_green_0026_16.jpg 1 call 128 714 876 1507 
20180810_iphone_green_0095_21.jpg 1 call 90 736 669 1319 
20180810_iphone_green_0066_231.jpg 1 call 500 1131 932 1511 
20180810_iphone_green_0081_481.jpg 1 call 292 945 835 1483 
20180810_iphone_green_0081_456.jpg 1 call 207 702 923 1338 
20180810_iphone_green_0066_351.jpg 1 call 302 924 795 1376 
20180810_iphone_green_0039_241.jpg 1 call 83 476 719 1233 
20180810_iphone_green_0009_206.jpg 1 call 88 645 976 1198 
20180810_iphone_green_0066_36.jpg 1 call 135 510 842 1198 
20180810_iphone_green_0026_171.jpg 1 call 207 871 866 1583 
20180810_iphone_green_0081_536.jpg 1 call 226 1074 952 1743 
20180810_iphone_green_0066_386.jpg 1 call 184 740 692 1262 
20180810_iphone_green_0095_106.jpg 1 call 9 581 952 1514 
20180810_iphone_green_0066_621.jpg 1 call 307 612 730 1043 
20180810_iphone_green_0039_81.jpg 1 call 69 483 873 1276 
20180810_iphone_green_0039_56.jpg 1 call 250 850 911 1436 
20180810_iphone_green_0026_401.jpg 1 call 190 671 911 1402 
20180810_iphone_green_0109_311.jpg 1 call 209 919 761 1462 
20180810_iphone_green_0066_191.jpg 1 call 161 943 823 1517 
20180810_iphone_green_0026_366.jpg 1 call 247 695 819 1307 
20180810_iphone_green_0095_311.jpg 1 call 118 691 828 1256 
20180810_iphone_green_0066_146.jpg 1 call 333 921 992 1548 
20180810_iphone_green_0081_251.jpg 1 call 280 963 782 1413 
20180810_iphone_green_0081_286.jpg 1 call 238 724 976 1450 
20180810_iphone_green_0066_436.jpg 1 call 250 681 959 1526 
20180810_iphone_green_0066_581.jpg 1 call 150 581 983 1407 
20180810_iphone_green_0081_331.jpg 1 call 221 857 976 1540 
20180810_iphone_green_0052_121.jpg 1 call 118 497 657 983 
20180810_iphone_green_0095_271.jpg 1 call 111 579 976 1457 
20180810_iphone_green_0026_206.jpg 1 call 28 795 988 1757 
20180810_iphone_green_0009_171.jpg 1 call 188 667 954 1324 
20180810_iphone_green_0039_136.jpg 1 call 214 779 685 1281 
20180810_iphone_green_0052_486.jpg 1 call 80 343 880 1076 
20180810_iphone_green_0095_1.jpg 1 call 46 674 567 1224 
20180810_iphone_green_0009_21.jpg 1 call 233 690 973 1300 
20180810_iphone_green_0052_321.jpg 1 call 71 536 1033 1371 
20180810_iphone_green_0109_266.jpg 1 call 278 645 835 1340 
20180810_iphone_green_0081_131.jpg 1 call 216 602 864 1269 
20180810_iphone_green_0039_336.jpg 1 call 338 486 850 1167 
20180810_iphone_green_0081_496.jpg 1 call 530 1026 983 1445 
20180810_iphone_green_0066_226.jpg 1 call 497 1117 926 1462 
20180810_iphone_green_0081_441.jpg 1 call 250 740 1064 1448 
20180810_iphone_green_0066_346.jpg 1 call 258 885 782 1371 
20180810_iphone_green_0039_256.jpg 1 call 135 329 976 1079 
20180810_iphone_green_0009_211.jpg 1 call 157 648 1019 1214 
20180810_iphone_green_0066_21.jpg 1 call 216 517 895 1150 
20180810_iphone_green_0066_391.jpg 1 call 140 733 654 1288 
20180810_iphone_green_0026_166.jpg 1 call 195 933 816 1593 
20180810_iphone_green_0095_111.jpg 1 call 40 581 966 1519 
20180810_iphone_green_0066_636.jpg 1 call 361 652 759 1060 
20180810_iphone_green_0039_96.jpg 1 call 135 462 840 1171 
20180810_iphone_green_0039_41.jpg 1 call 445 902 1064 1493 
20180810_iphone_green_0026_416.jpg 1 call 204 688 861 1283 
20180810_iphone_green_0109_306.jpg 1 call 207 943 766 1586 
20180810_iphone_green_0026_371.jpg 1 call 209 700 869 1348 
20180810_iphone_green_0066_186.jpg 1 call 123 910 907 1493 
20180810_iphone_green_0095_306.jpg 1 call 238 738 957 1364 
20180810_iphone_green_0066_151.jpg 1 call 307 890 1002 1488 
20180810_iphone_green_0081_246.jpg 1 call 316 919 800 1348 
20180810_iphone_green_0066_421.jpg 1 call 135 676 854 1529 
20180810_iphone_green_0081_291.jpg 1 call 242 724 995 1433 
20180810_iphone_green_0081_326.jpg 1 call 250 848 1040 1564 
20180810_iphone_green_0066_596.jpg 1 call 297 640 973 1314 
20180810_iphone_green_0081_81.jpg 1 call 102 783 973 1671 
20180810_iphone_green_0009_1.jpg 1 call 250 652 990 1256 
20180810_iphone_green_0095_266.jpg 1 call 47 548 964 1438 
20180810_iphone_green_0026_211.jpg 1 call 92 800 902 1602 
20180810_iphone_green_0009_166.jpg 1 call 235 719 938 1436 
20180810_iphone_green_0052_446.jpg 1 call 28 598 752 1279 
20180810_iphone_green_0052_491.jpg 1 call 123 319 885 1040 
