20180810_iphone_green_0005_1.jpg 1 big_v 261 640 928 1393 
20180810_iphone_green_0063_151.jpg 1 big_v 178 640 811 1438 
20180810_iphone_green_0063_186.jpg 1 big_v 442 731 829 1223 
20180810_iphone_green_0023_371.jpg 1 big_v 516 503 1022 1027 
20180810_iphone_green_0005_401.jpg 1 big_v 71 726 750 1540 
20180810_iphone_green_0063_421.jpg 1 big_v 150 762 973 1545 
20180810_iphone_green_0106_416.jpg 1 big_v 121 600 1059 1402 
20180810_iphone_green_0005_171.jpg 1 big_v 166 679 952 1495 
20180810_iphone_green_0063_21.jpg 1 big_v 171 795 842 1490 
20180810_iphone_green_0036_181.jpg 1 big_v 247 481 797 1131 
20180810_iphone_green_0063_541.jpg 1 big_v 133 755 638 1438 
20180810_iphone_green_0050_406.jpg 1 big_v 428 740 865 1237 
20180810_iphone_green_0078_241.jpg 1 big_v 323 788 809 1367 
20180810_iphone_green_0092_161.jpg 1 big_v 354 702 1038 1350 
20180810_iphone_green_0050_176.jpg 1 big_v 150 526 935 1202 
20180810_iphone_green_0005_11.jpg 1 big_v 261 676 907 1429 
20180810_iphone_green_0036_426.jpg 1 big_v 159 462 871 1090 
20180810_iphone_green_0023_211.jpg 1 big_v 257 586 769 1074 
20180810_iphone_green_0078_11.jpg 1 big_v 50 662 957 1517 
20180810_iphone_green_0036_341.jpg 1 big_v 361 800 771 1229 
20180810_iphone_green_0036_396.jpg 1 big_v 233 700 942 1407 
20180810_iphone_green_0050_11.jpg 1 big_v 352 445 797 1071 
20180810_iphone_green_0106_96.jpg 1 big_v 366 657 888 1088 
20180810_iphone_green_0050_361.jpg 1 big_v 130 719 938 1452 
20180810_iphone_green_0063_226.jpg 1 big_v 35 760 726 1679 
20180810_iphone_green_0106_211.jpg 1 big_v 228 607 954 1260 
20180810_iphone_green_0106_41.jpg 1 big_v 88 457 919 1140 
20180810_iphone_green_0023_166.jpg 1 big_v 197 431 1080 1262 
20180810_iphone_green_0063_391.jpg 1 big_v 121 733 633 1300 
20180810_iphone_green_0050_201.jpg 1 big_v 64 564 907 1312 
20180810_iphone_green_0106_371.jpg 1 big_v 114 624 904 1336 
20180810_iphone_green_0092_26.jpg 1 big_v 300 662 1064 1379 
20180810_iphone_green_0092_216.jpg 1 big_v 367 777 732 1158 
20180810_iphone_green_0063_346.jpg 1 big_v 185 500 930 1426 
20180810_iphone_green_0036_221.jpg 1 big_v 238 429 847 1017 
20180810_iphone_green_0023_416.jpg 1 big_v 223 750 1052 1398 
20180810_iphone_green_0023_1.jpg 1 big_v 154 760 900 1440 
20180810_iphone_green_0063_146.jpg 1 big_v 154 655 845 1543 
20180810_iphone_green_0023_366.jpg 1 big_v 480 437 1000 952 
20180810_iphone_green_0063_191.jpg 1 big_v 478 755 847 1248 
20180810_iphone_green_0063_436.jpg 1 big_v 388 745 890 1338 
20180810_iphone_green_0106_401.jpg 1 big_v 176 698 930 1419 
20180810_iphone_green_0078_336.jpg 1 big_v 171 612 771 1187 
20180810_iphone_green_0005_166.jpg 1 big_v 128 588 907 1405 
20180810_iphone_green_0063_36.jpg 1 big_v 52 790 921 1695 
20180810_iphone_green_0036_196.jpg 1 big_v 335 671 872 1042 
20180810_iphone_green_0050_411.jpg 1 big_v 421 790 866 1269 
20180810_iphone_green_0078_256.jpg 1 big_v 250 802 785 1386 
20180810_iphone_green_0092_176.jpg 1 big_v 402 614 897 1107 
20180810_iphone_green_0050_161.jpg 1 big_v 327 694 884 1194 
20180810_iphone_green_0036_431.jpg 1 big_v 209 486 907 1136 
20180810_iphone_green_0023_206.jpg 1 big_v 242 569 761 1102 
20180810_iphone_green_0023_16.jpg 1 big_v 5 743 911 1590 
20180810_iphone_green_0036_356.jpg 1 big_v 432 806 830 1282 
20180810_iphone_green_0036_381.jpg 1 big_v 280 700 1042 1429 
20180810_iphone_green_0106_81.jpg 1 big_v 228 579 1016 1193 
20180810_iphone_green_0050_376.jpg 1 big_v 171 621 969 1555 
20180810_iphone_green_0106_56.jpg 1 big_v 7 317 976 1202 
20180810_iphone_green_0063_386.jpg 1 big_v 202 708 655 1269 
20180810_iphone_green_0023_171.jpg 1 big_v 211 443 1080 1271 
20180810_iphone_green_0050_216.jpg 1 big_v 307 657 800 1183 
20180810_iphone_green_0106_366.jpg 1 big_v 114 617 921 1360 
20180810_iphone_green_0092_201.jpg 1 big_v 426 812 804 1186 
20180810_iphone_green_0063_351.jpg 1 big_v 219 550 904 1438 
20180810_iphone_green_0036_226.jpg 1 big_v 223 419 897 1045 
20180810_iphone_green_0023_411.jpg 1 big_v 223 721 1080 1424 
20180810_iphone_green_0050_206.jpg 1 big_v 138 624 842 1262 
20180810_iphone_green_0092_21.jpg 1 big_v 247 655 961 1331 
20180810_iphone_green_0106_376.jpg 1 big_v 104 574 838 1326 
20180810_iphone_green_0092_211.jpg 1 big_v 395 787 755 1171 
20180810_iphone_green_0063_341.jpg 1 big_v 137 462 937 1462 
20180810_iphone_green_0063_396.jpg 1 big_v 9 755 623 1383 
20180810_iphone_green_0023_161.jpg 1 big_v 190 426 1080 1257 
20180810_iphone_green_0050_366.jpg 1 big_v 140 750 940 1538 
20180810_iphone_green_0063_221.jpg 1 big_v 164 755 785 1595 
20180810_iphone_green_0106_216.jpg 1 big_v 250 610 1061 1302 
20180810_iphone_green_0106_46.jpg 1 big_v 71 419 945 1157 
20180810_iphone_green_0106_91.jpg 1 big_v 333 612 897 1081 
20180810_iphone_green_0036_391.jpg 1 big_v 240 636 833 1450 
20180810_iphone_green_0050_16.jpg 1 big_v 378 519 807 1102 
20180810_iphone_green_0036_346.jpg 1 big_v 388 810 721 1262 
20180810_iphone_green_0036_421.jpg 1 big_v 154 493 926 1076 
20180810_iphone_green_0023_216.jpg 1 big_v 302 614 809 1090 
20180810_iphone_green_0078_16.jpg 1 big_v 123 674 959 1440 
20180810_iphone_green_0092_166.jpg 1 big_v 345 662 988 1269 
20180810_iphone_green_0050_171.jpg 1 big_v 197 552 900 1164 
20180810_iphone_green_0005_16.jpg 1 big_v 250 690 885 1419 
20180810_iphone_green_0078_246.jpg 1 big_v 359 786 826 1386 
20180810_iphone_green_0036_186.jpg 1 big_v 292 514 833 1071 
20180810_iphone_green_0063_546.jpg 1 big_v 109 771 611 1452 
20180810_iphone_green_0050_401.jpg 1 big_v 408 689 840 1221 
20180810_iphone_green_0005_176.jpg 1 big_v 200 729 966 1536 
20180810_iphone_green_0063_26.jpg 1 big_v 161 817 861 1538 
20180810_iphone_green_0063_426.jpg 1 big_v 226 736 935 1460 
20180810_iphone_green_0106_411.jpg 1 big_v 116 719 1078 1464 
20180810_iphone_green_0063_181.jpg 1 big_v 380 710 802 1219 
20180810_iphone_green_0005_406.jpg 1 big_v 54 712 733 1493 
20180810_iphone_green_0005_6.jpg 1 big_v 273 645 923 1398 
20180810_iphone_green_0063_156.jpg 1 big_v 183 633 783 1379 
20180810_iphone_green_0036_231.jpg 1 big_v 233 402 990 1083 
20180810_iphone_green_0023_406.jpg 1 big_v 254 705 1076 1443 
20180810_iphone_green_0050_211.jpg 1 big_v 250 650 816 1214 
20180810_iphone_green_0106_361.jpg 1 big_v 100 598 880 1345 
20180810_iphone_green_0092_206.jpg 1 big_v 421 807 796 1186 
20180810_iphone_green_0063_356.jpg 1 big_v 269 600 864 1374 
20180810_iphone_green_0023_176.jpg 1 big_v 214 481 1080 1255 
20180810_iphone_green_0063_381.jpg 1 big_v 254 705 680 1221 
20180810_iphone_green_0036_31.jpg 1 big_v 388 576 738 1119 
20180810_iphone_green_0050_371.jpg 1 big_v 161 724 966 1626 
20180810_iphone_green_0106_51.jpg 1 big_v 23 360 954 1174 
20180810_iphone_green_0106_86.jpg 1 big_v 283 574 950 1117 
20180810_iphone_green_0036_386.jpg 1 big_v 223 607 845 1436 
20180810_iphone_green_0036_351.jpg 1 big_v 415 808 747 1279 
20180810_iphone_green_0036_436.jpg 1 big_v 216 543 1004 1183 
20180810_iphone_green_0023_201.jpg 1 big_v 285 533 804 1105 
20180810_iphone_green_0023_11.jpg 1 big_v 42 743 878 1526 
20180810_iphone_green_0092_171.jpg 1 big_v 380 648 940 1210 
20180810_iphone_green_0050_166.jpg 1 big_v 259 617 880 1169 
20180810_iphone_green_0078_251.jpg 1 big_v 309 774 802 1374 
20180810_iphone_green_0036_146.jpg 1 big_v 219 624 802 1352 
20180810_iphone_green_0036_191.jpg 1 big_v 323 562 892 1027 
20180810_iphone_green_0050_416.jpg 1 big_v 397 819 857 1300 
20180810_iphone_green_0078_331.jpg 1 big_v 95 648 761 1276 
20180810_iphone_green_0005_161.jpg 1 big_v 159 612 895 1395 
20180810_iphone_green_0063_31.jpg 1 big_v 114 817 869 1598 
20180810_iphone_green_0063_431.jpg 1 big_v 292 724 892 1374 
20180810_iphone_green_0106_406.jpg 1 big_v 154 729 1038 1507 
20180810_iphone_green_0063_196.jpg 1 big_v 504 779 880 1295 
20180810_iphone_green_0023_361.jpg 1 big_v 459 381 985 900 
20180810_iphone_green_0023_6.jpg 1 big_v 100 807 876 1521 
20180810_iphone_green_0063_141.jpg 1 big_v 147 676 888 1631 
20180810_iphone_green_0063_126.jpg 1 big_v 142 845 919 1850 
20180810_iphone_green_0106_111.jpg 1 big_v 416 740 883 1090 
20180810_iphone_green_0023_306.jpg 1 big_v 147 493 995 1248 
20180810_iphone_green_0106_461.jpg 1 big_v 414 734 791 1117 
20180810_iphone_green_0063_456.jpg 1 big_v 471 810 873 1357 
20180810_iphone_green_0078_381.jpg 1 big_v 183 745 1000 1526 
20180810_iphone_green_0063_81.jpg 1 big_v 392 679 830 1240 
20180810_iphone_green_0078_356.jpg 1 big_v 278 619 795 1117 
20180810_iphone_green_0063_56.jpg 1 big_v 188 643 892 1414 
20180810_iphone_green_0005_106.jpg 1 big_v 223 200 819 948 
20180810_iphone_green_0063_536.jpg 1 big_v 159 710 671 1395 
20180810_iphone_green_0036_121.jpg 1 big_v 366 810 750 1236 
20180810_iphone_green_0078_236.jpg 1 big_v 295 788 790 1362 
20180810_iphone_green_0092_116.jpg 1 big_v 138 714 1023 1538 
20180810_iphone_green_0005_66.jpg 1 big_v 221 674 819 1438 
20180810_iphone_green_0050_101.jpg 1 big_v 78 556 937 1622 
20180810_iphone_green_0036_451.jpg 1 big_v 257 912 997 1338 
20180810_iphone_green_0078_66.jpg 1 big_v 437 685 871 1131 
20180810_iphone_green_0023_76.jpg 1 big_v 195 712 790 1252 
20180810_iphone_green_0036_336.jpg 1 big_v 311 798 828 1226 
20180810_iphone_green_0050_66.jpg 1 big_v 495 648 1050 1314 
20180810_iphone_green_0063_286.jpg 1 big_v 204 717 714 1326 
20180810_iphone_green_0050_316.jpg 1 big_v 188 660 842 1324 
20180810_iphone_green_0106_266.jpg 1 big_v 269 535 655 899 
20180810_iphone_green_0106_36.jpg 1 big_v 135 538 895 1157 
20180810_iphone_green_0092_301.jpg 1 big_v 130 838 947 1660 
20180810_iphone_green_0092_86.jpg 1 big_v 226 657 1004 1400 
20180810_iphone_green_0036_56.jpg 1 big_v 321 795 804 1288 
20180810_iphone_green_0023_111.jpg 1 big_v 307 736 954 1371 
20180810_iphone_green_0078_431.jpg 1 big_v 350 579 840 1060 
20180810_iphone_green_0050_276.jpg 1 big_v 171 550 956 1662 
20180810_iphone_green_0092_261.jpg 1 big_v 240 767 700 1255 
20180810_iphone_green_0063_331.jpg 1 big_v 50 514 857 1479 
20180810_iphone_green_0106_306.jpg 1 big_v 372 579 728 936 
20180810_iphone_green_0036_81.jpg 1 big_v 233 702 1035 1476 
20180810_iphone_green_0092_51.jpg 1 big_v 102 600 945 1464 
20180810_iphone_green_0078_141.jpg 1 big_v 154 521 1059 1371 
20180810_iphone_green_0036_281.jpg 1 big_v 359 745 935 1206 
20180810_iphone_green_0078_196.jpg 1 big_v 613 844 1003 1331 
20180810_iphone_green_0063_131.jpg 1 big_v 154 790 928 1829 
20180810_iphone_green_0106_106.jpg 1 big_v 404 756 868 1094 
20180810_iphone_green_0023_311.jpg 1 big_v 176 495 926 1179 
20180810_iphone_green_0063_6.jpg 1 big_v 221 740 907 1462 
20180810_iphone_green_0063_441.jpg 1 big_v 456 782 892 1347 
20180810_iphone_green_0078_396.jpg 1 big_v 52 729 1038 1671 
20180810_iphone_green_0063_96.jpg 1 big_v 442 781 885 1362 
20180810_iphone_green_0078_341.jpg 1 big_v 228 598 785 1126 
20180810_iphone_green_0063_41.jpg 1 big_v 9 674 957 1645 
20180810_iphone_green_0005_111.jpg 1 big_v 240 157 840 907 
20180810_iphone_green_0063_521.jpg 1 big_v 109 595 666 1324 
20180810_iphone_green_0036_136.jpg 1 big_v 316 714 747 1293 
20180810_iphone_green_0106_6.jpg 1 big_v 391 693 772 1038 
20180810_iphone_green_0092_101.jpg 1 big_v 176 726 1019 1517 
20180810_iphone_green_0005_71.jpg 1 big_v 228 648 830 1410 
20180810_iphone_green_0050_116.jpg 1 big_v 257 717 826 1407 
20180810_iphone_green_0036_446.jpg 1 big_v 245 831 1057 1326 
20180810_iphone_green_0078_71.jpg 1 big_v 442 689 874 1145 
20180810_iphone_green_0023_61.jpg 1 big_v 330 614 904 1288 
20180810_iphone_green_0036_321.jpg 1 big_v 214 676 988 1300 
20180810_iphone_green_0050_71.jpg 1 big_v 445 617 1066 1352 
20180810_iphone_green_0063_291.jpg 1 big_v 242 740 730 1298 
20180810_iphone_green_0050_301.jpg 1 big_v 173 633 866 1436 
20180810_iphone_green_0106_271.jpg 1 big_v 308 546 633 888 
20180810_iphone_green_0106_21.jpg 1 big_v 295 733 828 1162 
20180810_iphone_green_0092_316.jpg 1 big_v 145 833 1023 1698 
20180810_iphone_green_0092_91.jpg 1 big_v 202 710 1000 1443 
20180810_iphone_green_0036_41.jpg 1 big_v 340 650 661 1142 
20180810_iphone_green_0078_426.jpg 1 big_v 302 579 826 1102 
20180810_iphone_green_0023_106.jpg 1 big_v 292 769 973 1371 
20180810_iphone_green_0050_261.jpg 1 big_v 226 536 821 1452 
20180810_iphone_green_0092_276.jpg 1 big_v 97 824 692 1471 
20180810_iphone_green_0063_326.jpg 1 big_v 38 593 795 1493 
20180810_iphone_green_0106_311.jpg 1 big_v 322 574 725 974 
20180810_iphone_green_0036_96.jpg 1 big_v 264 686 869 1329 
20180810_iphone_green_0092_46.jpg 1 big_v 154 588 990 1419 
20180810_iphone_green_0078_156.jpg 1 big_v 346 531 973 1119 
20180810_iphone_green_0036_241.jpg 1 big_v 297 581 1076 1167 
20180810_iphone_green_0036_296.jpg 1 big_v 166 690 873 1260 
20180810_iphone_green_0078_181.jpg 1 big_v 451 781 885 1215 
20180810_iphone_green_0036_286.jpg 1 big_v 297 774 859 1217 
20180810_iphone_green_0078_191.jpg 1 big_v 563 885 934 1342 
20180810_iphone_green_0078_146.jpg 1 big_v 214 517 1019 1255 
20180810_iphone_green_0050_271.jpg 1 big_v 209 550 962 1625 
20180810_iphone_green_0092_266.jpg 1 big_v 205 781 717 1325 
20180810_iphone_green_0063_336.jpg 1 big_v 111 464 911 1455 
20180810_iphone_green_0092_56.jpg 1 big_v 88 652 959 1521 
20180810_iphone_green_0106_301.jpg 1 big_v 396 590 751 921 
20180810_iphone_green_0036_86.jpg 1 big_v 204 690 938 1457 
20180810_iphone_green_0036_51.jpg 1 big_v 328 807 783 1269 
20180810_iphone_green_0092_81.jpg 1 big_v 211 610 1004 1371 
20180810_iphone_green_0023_116.jpg 1 big_v 319 688 933 1374 
20180810_iphone_green_0050_311.jpg 1 big_v 171 667 842 1333 
20180810_iphone_green_0106_261.jpg 1 big_v 248 539 671 927 
20180810_iphone_green_0106_31.jpg 1 big_v 200 640 883 1188 
20180810_iphone_green_0092_306.jpg 1 big_v 133 826 992 1693 
20180810_iphone_green_0063_281.jpg 1 big_v 166 719 700 1350 
20180810_iphone_green_0050_61.jpg 1 big_v 521 662 1030 1260 
20180810_iphone_green_0036_331.jpg 1 big_v 296 806 842 1245 
20180810_iphone_green_0023_261.jpg 1 big_v 352 510 1040 1271 
20180810_iphone_green_0036_456.jpg 1 big_v 252 871 976 1283 
20180810_iphone_green_0078_61.jpg 1 big_v 409 711 853 1158 
20180810_iphone_green_0023_71.jpg 1 big_v 266 686 804 1238 
20180810_iphone_green_0092_111.jpg 1 big_v 169 705 1059 1538 
20180810_iphone_green_0005_61.jpg 1 big_v 238 702 809 1445 
20180810_iphone_green_0050_106.jpg 1 big_v 126 579 907 1536 
20180810_iphone_green_0036_126.jpg 1 big_v 369 812 728 1255 
20180810_iphone_green_0063_531.jpg 1 big_v 171 657 688 1329 
20180810_iphone_green_0078_351.jpg 1 big_v 285 593 797 1098 
20180810_iphone_green_0063_51.jpg 1 big_v 85 633 883 1493 
20180810_iphone_green_0005_101.jpg 1 big_v 223 264 811 1000 
20180810_iphone_green_0106_466.jpg 1 big_v 401 729 832 1134 
20180810_iphone_green_0078_386.jpg 1 big_v 137 753 1028 1616 
20180810_iphone_green_0063_451.jpg 1 big_v 493 802 877 1326 
20180810_iphone_green_0063_86.jpg 1 big_v 435 740 857 1262 
20180810_iphone_green_0023_301.jpg 1 big_v 188 514 1066 1276 
20180810_iphone_green_0063_121.jpg 1 big_v 219 886 942 1852 
20180810_iphone_green_0106_116.jpg 1 big_v 426 715 891 1074 
20180810_iphone_green_0036_291.jpg 1 big_v 228 769 828 1238 
20180810_iphone_green_0078_186.jpg 1 big_v 490 869 883 1295 
20180810_iphone_green_0078_151.jpg 1 big_v 285 529 978 1171 
20180810_iphone_green_0036_246.jpg 1 big_v 292 655 1071 1202 
20180810_iphone_green_0050_266.jpg 1 big_v 226 531 909 1529 
20180810_iphone_green_0092_271.jpg 1 big_v 145 798 707 1405 
20180810_iphone_green_0063_321.jpg 1 big_v 83 664 771 1467 
20180810_iphone_green_0092_41.jpg 1 big_v 147 443 995 1305 
20180810_iphone_green_0106_316.jpg 1 big_v 275 584 717 1010 
20180810_iphone_green_0036_91.jpg 1 big_v 221 698 847 1419 
20180810_iphone_green_0036_46.jpg 1 big_v 344 777 759 1221 
20180810_iphone_green_0092_96.jpg 1 big_v 169 717 985 1488 
20180810_iphone_green_0078_421.jpg 1 big_v 250 602 842 1188 
20180810_iphone_green_0050_306.jpg 1 big_v 166 652 838 1395 
20180810_iphone_green_0106_276.jpg 1 big_v 334 566 625 902 
20180810_iphone_green_0106_26.jpg 1 big_v 259 714 859 1202 
20180810_iphone_green_0092_311.jpg 1 big_v 128 829 1009 1719 
20180810_iphone_green_0063_296.jpg 1 big_v 278 740 750 1302 
20180810_iphone_green_0036_326.jpg 1 big_v 266 769 890 1262 
20180810_iphone_green_0036_441.jpg 1 big_v 214 686 1080 1269 
20180810_iphone_green_0078_76.jpg 1 big_v 458 702 890 1169 
20180810_iphone_green_0023_66.jpg 1 big_v 326 640 840 1236 
20180810_iphone_green_0106_1.jpg 1 big_v 416 688 796 1014 
20180810_iphone_green_0005_76.jpg 1 big_v 226 607 830 1362 
20180810_iphone_green_0050_111.jpg 1 big_v 195 645 869 1464 
20180810_iphone_green_0036_131.jpg 1 big_v 366 795 721 1281 
20180810_iphone_green_0063_526.jpg 1 big_v 152 624 680 1317 
20180810_iphone_green_0078_346.jpg 1 big_v 269 588 795 1098 
20180810_iphone_green_0063_46.jpg 1 big_v 0 636 900 1600 
20180810_iphone_green_0005_116.jpg 1 big_v 259 274 842 1036 
20180810_iphone_green_0063_1.jpg 1 big_v 242 731 942 1455 
20180810_iphone_green_0078_391.jpg 1 big_v 85 750 1045 1664 
20180810_iphone_green_0063_446.jpg 1 big_v 469 786 878 1345 
20180810_iphone_green_0063_91.jpg 1 big_v 440 774 869 1333 
20180810_iphone_green_0023_316.jpg 1 big_v 221 486 876 1102 
20180810_iphone_green_0063_136.jpg 1 big_v 123 726 892 1731 
20180810_iphone_green_0106_101.jpg 1 big_v 386 724 872 1094 
20180810_iphone_green_0092_1.jpg 1 big_v 333 686 819 1162 
20180810_iphone_green_0036_276.jpg 1 big_v 392 674 961 1179 
20180810_iphone_green_0078_161.jpg 1 big_v 411 539 987 1068 
20180810_iphone_green_0005_331.jpg 1 big_v 178 881 926 1757 
20180810_iphone_green_0092_71.jpg 1 big_v 180 752 1016 1550 
20180810_iphone_green_0106_326.jpg 1 big_v 107 608 707 1188 
20180810_iphone_green_0092_241.jpg 1 big_v 298 783 661 1179 
20180810_iphone_green_0063_311.jpg 1 big_v 278 721 819 1383 
20180810_iphone_green_0050_256.jpg 1 big_v 228 529 723 1345 
20180810_iphone_green_0023_131.jpg 1 big_v 342 490 945 1250 
20180810_iphone_green_0078_411.jpg 1 big_v 109 660 892 1424 
20180810_iphone_green_0092_296.jpg 1 big_v 100 840 861 1626 
20180810_iphone_green_0036_76.jpg 1 big_v 300 757 1066 1460 
20180810_iphone_green_0050_281.jpg 1 big_v 162 556 952 1625 
20180810_iphone_green_0063_271.jpg 1 big_v 92 717 709 1452 
20180810_iphone_green_0092_321.jpg 1 big_v 166 848 1042 1707 
20180810_iphone_green_0106_246.jpg 1 big_v 152 557 842 1119 
20180810_iphone_green_0106_16.jpg 1 big_v 338 733 800 1126 
20180810_iphone_green_0050_336.jpg 1 big_v 167 655 853 1271 
20180810_iphone_green_0050_46.jpg 1 big_v 457 652 880 1183 
20180810_iphone_green_0050_91.jpg 1 big_v 109 506 996 1578 
20180810_iphone_green_0036_316.jpg 1 big_v 164 574 1030 1343 
20180810_iphone_green_0005_91.jpg 1 big_v 226 395 816 1160 
20180810_iphone_green_0023_56.jpg 1 big_v 288 660 985 1376 
20180810_iphone_green_0078_46.jpg 1 big_v 180 793 695 1276 
20180810_iphone_green_0023_246.jpg 1 big_v 292 552 969 1212 
20180810_iphone_green_0078_91.jpg 1 big_v 330 812 871 1443 
20180810_iphone_green_0050_121.jpg 1 big_v 307 771 792 1381 
20180810_iphone_green_0023_81.jpg 1 big_v 200 783 811 1269 
20180810_iphone_green_0005_46.jpg 1 big_v 226 821 842 1548 
20180810_iphone_green_0092_136.jpg 1 big_v 114 764 966 1548 
20180810_iphone_green_0036_101.jpg 1 big_v 305 702 919 1248 
20180810_iphone_green_0063_516.jpg 1 big_v 23 586 647 1360 
20180810_iphone_green_0005_126.jpg 1 big_v 326 481 950 1274 
20180810_iphone_green_0063_76.jpg 1 big_v 335 629 797 1210 
20180810_iphone_green_0078_376.jpg 1 big_v 204 717 914 1407 
20180810_iphone_green_0106_441.jpg 1 big_v 411 727 879 1161 
20180810_iphone_green_0063_106.jpg 1 big_v 383 798 911 1500 
20180810_iphone_green_0036_261.jpg 1 big_v 319 521 1009 1171 
20180810_iphone_green_0078_176.jpg 1 big_v 453 677 917 1137 
20180810_iphone_green_0005_326.jpg 1 big_v 176 924 947 1793 
20180810_iphone_green_0092_66.jpg 1 big_v 97 733 947 1571 
20180810_iphone_green_0106_331.jpg 1 big_v 26 612 700 1283 
20180810_iphone_green_0092_256.jpg 1 big_v 269 762 685 1219 
20180810_iphone_green_0063_306.jpg 1 big_v 321 733 802 1350 
20180810_iphone_green_0050_241.jpg 1 big_v 383 619 735 1202 
20180810_iphone_green_0078_406.jpg 1 big_v 59 688 950 1538 
20180810_iphone_green_0023_126.jpg 1 big_v 347 531 957 1290 
20180810_iphone_green_0092_281.jpg 1 big_v 57 814 695 1524 
20180810_iphone_green_0036_61.jpg 1 big_v 282 758 888 1302 
20180810_iphone_green_0050_296.jpg 1 big_v 166 605 885 1474 
20180810_iphone_green_0063_266.jpg 1 big_v 38 738 716 1552 
20180810_iphone_green_0092_336.jpg 1 big_v 209 831 1052 1671 
20180810_iphone_green_0050_321.jpg 1 big_v 214 669 854 1300 
20180810_iphone_green_0106_286.jpg 1 big_v 389 599 704 899 
20180810_iphone_green_0050_51.jpg 1 big_v 495 660 930 1197 
20180810_iphone_green_0050_86.jpg 1 big_v 199 516 1052 1541 
20180810_iphone_green_0036_301.jpg 1 big_v 119 607 878 1290 
20180810_iphone_green_0005_86.jpg 1 big_v 238 460 842 1219 
20180810_iphone_green_0078_51.jpg 1 big_v 226 783 714 1250 
20180810_iphone_green_0023_251.jpg 1 big_v 328 519 1033 1226 
20180810_iphone_green_0078_86.jpg 1 big_v 411 760 895 1324 
20180810_iphone_green_0050_136.jpg 1 big_v 400 793 835 1255 
20180810_iphone_green_0005_51.jpg 1 big_v 223 790 823 1507 
20180810_iphone_green_0092_121.jpg 1 big_v 109 717 988 1543 
20180810_iphone_green_0078_201.jpg 1 big_v 602 813 1021 1304 
20180810_iphone_green_0036_116.jpg 1 big_v 355 804 777 1213 
20180810_iphone_green_0050_1.jpg 1 big_v 257 298 780 1069 
20180810_iphone_green_0005_131.jpg 1 big_v 321 493 985 1312 
20180810_iphone_green_0063_61.jpg 1 big_v 192 667 838 1357 
20180810_iphone_green_0078_361.jpg 1 big_v 250 636 792 1164 
20180810_iphone_green_0063_461.jpg 1 big_v 402 786 842 1343 
20180810_iphone_green_0106_456.jpg 1 big_v 417 732 789 1083 
20180810_iphone_green_0106_126.jpg 1 big_v 369 765 903 1144 
20180810_iphone_green_0063_111.jpg 1 big_v 354 824 938 1636 
20180810_iphone_green_0106_136.jpg 1 big_v 337 758 892 1198 
20180810_iphone_green_0063_101.jpg 1 big_v 416 788 892 1410 
20180810_iphone_green_0063_471.jpg 1 big_v 192 683 721 1333 
20180810_iphone_green_0106_446.jpg 1 big_v 429 716 861 1105 
20180810_iphone_green_0005_121.jpg 1 big_v 254 426 880 1179 
20180810_iphone_green_0063_71.jpg 1 big_v 252 629 773 1243 
20180810_iphone_green_0078_371.jpg 1 big_v 214 695 854 1312 
20180810_iphone_green_0036_106.jpg 1 big_v 333 733 864 1205 
20180810_iphone_green_0078_96.jpg 1 big_v 235 855 842 1564 
20180810_iphone_green_0050_126.jpg 1 big_v 325 800 777 1344 
20180810_iphone_green_0005_41.jpg 1 big_v 266 874 873 1579 
20180810_iphone_green_0023_296.jpg 1 big_v 204 583 1061 1298 
20180810_iphone_green_0092_131.jpg 1 big_v 145 752 985 1543 
20180810_iphone_green_0005_96.jpg 1 big_v 221 331 807 1083 
20180810_iphone_green_0023_51.jpg 1 big_v 223 643 1080 1524 
20180810_iphone_green_0078_41.jpg 1 big_v 196 779 737 1289 
20180810_iphone_green_0023_241.jpg 1 big_v 271 593 907 1190 
20180810_iphone_green_0050_96.jpg 1 big_v 69 519 971 1619 
20180810_iphone_green_0036_311.jpg 1 big_v 121 576 930 1360 
20180810_iphone_green_0050_41.jpg 1 big_v 423 640 840 1155 
20180810_iphone_green_0106_296.jpg 1 big_v 424 606 761 902 
20180810_iphone_green_0063_276.jpg 1 big_v 126 717 695 1405 
20180810_iphone_green_0092_326.jpg 1 big_v 195 848 1059 1686 
20180810_iphone_green_0106_241.jpg 1 big_v 130 526 954 1221 
20180810_iphone_green_0106_11.jpg 1 big_v 359 715 775 1073 
20180810_iphone_green_0050_331.jpg 1 big_v 173 662 840 1271 
20180810_iphone_green_0078_416.jpg 1 big_v 176 638 854 1293 
20180810_iphone_green_0023_136.jpg 1 big_v 302 476 916 1271 
20180810_iphone_green_0092_291.jpg 1 big_v 66 817 788 1586 
20180810_iphone_green_0036_71.jpg 1 big_v 302 783 976 1405 
20180810_iphone_green_0050_286.jpg 1 big_v 161 562 940 1638 
20180810_iphone_green_0106_321.jpg 1 big_v 209 615 713 1087 
20180810_iphone_green_0092_76.jpg 1 big_v 219 705 1042 1483 
20180810_iphone_green_0092_246.jpg 1 big_v 301 766 674 1168 
20180810_iphone_green_0063_316.jpg 1 big_v 178 710 788 1433 
20180810_iphone_green_0050_251.jpg 1 big_v 273 550 716 1288 
20180810_iphone_green_0036_271.jpg 1 big_v 411 640 945 1181 
20180810_iphone_green_0078_166.jpg 1 big_v 442 563 971 1061 
20180810_iphone_green_0005_336.jpg 1 big_v 173 833 897 1721 
20180810_iphone_green_0092_6.jpg 1 big_v 254 686 792 1217 
20180810_iphone_green_0106_121.jpg 1 big_v 401 729 893 1092 
20180810_iphone_green_0063_116.jpg 1 big_v 304 867 954 1726 
20180810_iphone_green_0063_466.jpg 1 big_v 311 743 788 1345 
20180810_iphone_green_0106_451.jpg 1 big_v 421 714 833 1129 
20180810_iphone_green_0005_136.jpg 1 big_v 321 581 992 1400 
20180810_iphone_green_0063_66.jpg 1 big_v 192 652 778 1293 
20180810_iphone_green_0078_366.jpg 1 big_v 228 667 804 1217 
20180810_iphone_green_0050_6.jpg 1 big_v 323 381 809 1062 
20180810_iphone_green_0078_206.jpg 1 big_v 551 800 987 1289 
20180810_iphone_green_0036_111.jpg 1 big_v 350 766 795 1179 
20180810_iphone_green_0078_81.jpg 1 big_v 442 717 900 1229 
20180810_iphone_green_0050_131.jpg 1 big_v 366 805 797 1295 
20180810_iphone_green_0005_56.jpg 1 big_v 230 736 809 1471 
20180810_iphone_green_0092_126.jpg 1 big_v 133 743 997 1538 
20180810_iphone_green_0005_81.jpg 1 big_v 228 538 835 1307 
20180810_iphone_green_0078_56.jpg 1 big_v 323 748 788 1200 
20180810_iphone_green_0023_256.jpg 1 big_v 347 507 1059 1252 
20180810_iphone_green_0050_81.jpg 1 big_v 295 533 1080 1495 
20180810_iphone_green_0036_306.jpg 1 big_v 109 598 850 1333 
20180810_iphone_green_0050_56.jpg 1 big_v 519 671 988 1238 
20180810_iphone_green_0106_281.jpg 1 big_v 366 571 642 900 
20180810_iphone_green_0092_331.jpg 1 big_v 192 845 1066 1693 
20180810_iphone_green_0106_256.jpg 1 big_v 213 588 709 983 
20180810_iphone_green_0050_326.jpg 1 big_v 202 667 850 1288 
20180810_iphone_green_0023_121.jpg 1 big_v 328 600 947 1338 
20180810_iphone_green_0078_401.jpg 1 big_v 52 717 1011 1633 
20180810_iphone_green_0092_286.jpg 1 big_v 50 795 721 1545 
20180810_iphone_green_0036_66.jpg 1 big_v 280 771 911 1343 
20180810_iphone_green_0050_291.jpg 1 big_v 157 571 914 1531 
20180810_iphone_green_0092_61.jpg 1 big_v 88 726 971 1579 
20180810_iphone_green_0092_251.jpg 1 big_v 292 756 685 1176 
20180810_iphone_green_0063_301.jpg 1 big_v 314 726 776 1307 
20180810_iphone_green_0050_246.jpg 1 big_v 330 595 721 1245 
20180810_iphone_green_0036_266.jpg 1 big_v 366 581 973 1174 
20180810_iphone_green_0078_171.jpg 1 big_v 455 595 953 1058 
20180810_iphone_green_0005_321.jpg 1 big_v 212 922 1024 1791 
20180810_iphone_green_0005_391.jpg 1 big_v 80 702 761 1548 
20180810_iphone_green_0005_346.jpg 1 big_v 100 733 785 1640 
20180810_iphone_green_0063_366.jpg 1 big_v 307 650 792 1279 
20180810_iphone_green_0050_221.jpg 1 big_v 363 644 784 1158 
20180810_iphone_green_0106_386.jpg 1 big_v 175 629 788 1310 
20180810_iphone_green_0023_146.jpg 1 big_v 273 479 954 1224 
20180810_iphone_green_0106_61.jpg 1 big_v 11 336 1009 1224 
20180810_iphone_green_0063_206.jpg 1 big_v 438 714 878 1345 
20180810_iphone_green_0050_341.jpg 1 big_v 154 650 873 1262 
20180810_iphone_green_0050_396.jpg 1 big_v 354 636 821 1226 
20180810_iphone_green_0050_31.jpg 1 big_v 407 629 821 1131 
20180810_iphone_green_0036_361.jpg 1 big_v 433 819 980 1298 
20180810_iphone_green_0050_181.jpg 1 big_v 83 493 985 1260 
20180810_iphone_green_0078_31.jpg 1 big_v 290 712 880 1283 
20180810_iphone_green_0023_21.jpg 1 big_v 7 771 1000 1707 
20180810_iphone_green_0092_196.jpg 1 big_v 409 781 793 1160 
20180810_iphone_green_0023_231.jpg 1 big_v 296 635 837 1144 
20180810_iphone_green_0036_406.jpg 1 big_v 261 782 1008 1268 
20180810_iphone_green_0005_31.jpg 1 big_v 235 864 830 1555 
20180810_iphone_green_0036_6.jpg 1 big_v 364 650 1011 1624 
20180810_iphone_green_0050_156.jpg 1 big_v 388 757 907 1226 
20180810_iphone_green_0092_141.jpg 1 big_v 64 757 919 1548 
20180810_iphone_green_0036_176.jpg 1 big_v 211 531 964 1229 
20180810_iphone_green_0078_261.jpg 1 big_v 219 790 814 1412 
20180810_iphone_green_0005_151.jpg 1 big_v 254 933 933 1698 
20180810_iphone_green_0106_436.jpg 1 big_v 371 738 926 1240 
20180810_iphone_green_0023_351.jpg 1 big_v 427 334 916 829 
20180810_iphone_green_0063_171.jpg 1 big_v 264 667 757 1210 
20180810_iphone_green_0023_386.jpg 1 big_v 480 555 1061 1245 
20180810_iphone_green_0005_386.jpg 1 big_v 109 705 773 1529 
20180810_iphone_green_0023_421.jpg 1 big_v 254 764 1069 1376 
20180810_iphone_green_0078_101.jpg 1 big_v 145 852 833 1648 
20180810_iphone_green_0036_216.jpg 1 big_v 250 495 871 1007 
20180810_iphone_green_0092_221.jpg 1 big_v 345 779 703 1163 
20180810_iphone_green_0063_371.jpg 1 big_v 307 660 759 1248 
20180810_iphone_green_0092_11.jpg 1 big_v 216 674 802 1274 
20180810_iphone_green_0050_236.jpg 1 big_v 398 637 746 1181 
20180810_iphone_green_0106_391.jpg 1 big_v 190 662 776 1355 
20180810_iphone_green_0023_151.jpg 1 big_v 250 467 1021 1221 
20180810_iphone_green_0106_76.jpg 1 big_v 135 548 1042 1238 
20180810_iphone_green_0063_211.jpg 1 big_v 385 674 876 1371 
20180810_iphone_green_0050_356.jpg 1 big_v 126 700 952 1390 
20180810_iphone_green_0050_381.jpg 1 big_v 183 540 878 1460 
20180810_iphone_green_0050_26.jpg 1 big_v 408 613 816 1127 
20180810_iphone_green_0050_196.jpg 1 big_v 11 505 985 1340 
20180810_iphone_green_0078_26.jpg 1 big_v 297 693 959 1324 
20180810_iphone_green_0092_181.jpg 1 big_v 390 621 830 1068 
20180810_iphone_green_0023_226.jpg 1 big_v 325 626 834 1113 
20180810_iphone_green_0036_411.jpg 1 big_v 185 712 928 1183 
20180810_iphone_green_0005_26.jpg 1 big_v 230 843 826 1526 
20180810_iphone_green_0050_141.jpg 1 big_v 414 795 872 1248 
20180810_iphone_green_0092_156.jpg 1 big_v 259 745 1019 1438 
20180810_iphone_green_0078_276.jpg 1 big_v 73 633 854 1364 
20180810_iphone_green_0063_16.jpg 1 big_v 180 750 840 1450 
20180810_iphone_green_0005_146.jpg 1 big_v 261 938 954 1719 
20180810_iphone_green_0106_421.jpg 1 big_v 142 560 978 1350 
20180810_iphone_green_0063_416.jpg 1 big_v 90 762 980 1583 
20180810_iphone_green_0063_166.jpg 1 big_v 207 657 740 1252 
20180810_iphone_green_0063_176.jpg 1 big_v 311 683 769 1210 
20180810_iphone_green_0106_141.jpg 1 big_v 307 736 890 1236 
20180810_iphone_green_0023_356.jpg 1 big_v 445 345 952 860 
20180810_iphone_green_0005_181.jpg 1 big_v 159 736 978 1569 
20180810_iphone_green_0106_431.jpg 1 big_v 321 695 938 1260 
20180810_iphone_green_0005_156.jpg 1 big_v 200 769 904 1548 
20180810_iphone_green_0050_421.jpg 1 big_v 374 845 856 1340 
20180810_iphone_green_0078_266.jpg 1 big_v 176 738 830 1393 
20180810_iphone_green_0005_36.jpg 1 big_v 242 886 854 1567 
20180810_iphone_green_0036_1.jpg 1 big_v 284 659 965 1694 
20180810_iphone_green_0050_151.jpg 1 big_v 414 800 914 1255 
20180810_iphone_green_0092_146.jpg 1 big_v 69 760 902 1536 
20180810_iphone_green_0050_186.jpg 1 big_v 21 474 1004 1310 
20180810_iphone_green_0078_36.jpg 1 big_v 247 740 802 1264 
20180810_iphone_green_0092_191.jpg 1 big_v 372 697 768 1097 
20180810_iphone_green_0023_236.jpg 1 big_v 278 631 850 1167 
20180810_iphone_green_0050_36.jpg 1 big_v 414 633 835 1143 
20180810_iphone_green_0050_391.jpg 1 big_v 292 583 809 1288 
20180810_iphone_green_0106_66.jpg 1 big_v 16 371 1028 1245 
20180810_iphone_green_0063_201.jpg 1 big_v 490 774 883 1321 
20180810_iphone_green_0092_351.jpg 1 big_v 204 790 1028 1617 
20180810_iphone_green_0050_346.jpg 1 big_v 164 669 909 1293 
20180810_iphone_green_0106_381.jpg 1 big_v 140 598 811 1298 
20180810_iphone_green_0023_141.jpg 1 big_v 269 493 888 1231 
20180810_iphone_green_0092_231.jpg 1 big_v 313 787 669 1176 
20180810_iphone_green_0063_361.jpg 1 big_v 300 633 830 1317 
20180810_iphone_green_0023_196.jpg 1 big_v 364 493 895 1076 
20180810_iphone_green_0106_356.jpg 1 big_v 64 533 783 1376 
20180810_iphone_green_0050_226.jpg 1 big_v 377 637 761 1153 
20180810_iphone_green_0078_111.jpg 1 big_v 0 757 885 1695 
20180810_iphone_green_0005_341.jpg 1 big_v 147 786 864 1695 
20180810_iphone_green_0005_396.jpg 1 big_v 83 714 752 1526 
20180810_iphone_green_0063_161.jpg 1 big_v 200 643 754 1295 
20180810_iphone_green_0005_196.jpg 1 big_v 92 750 988 1617 
20180810_iphone_green_0106_426.jpg 1 big_v 238 617 923 1274 
20180810_iphone_green_0063_411.jpg 1 big_v 16 783 907 1590 
20180810_iphone_green_0063_11.jpg 1 big_v 207 743 873 1436 
20180810_iphone_green_0005_141.jpg 1 big_v 295 755 973 1562 
20180810_iphone_green_0078_271.jpg 1 big_v 128 679 840 1371 
20180810_iphone_green_0005_21.jpg 1 big_v 240 769 845 1467 
20180810_iphone_green_0050_146.jpg 1 big_v 423 805 902 1262 
20180810_iphone_green_0092_151.jpg 1 big_v 128 748 942 1500 
20180810_iphone_green_0050_191.jpg 1 big_v 4 460 1030 1333 
20180810_iphone_green_0078_21.jpg 1 big_v 211 664 959 1374 
20180810_iphone_green_0092_186.jpg 1 big_v 374 655 785 1066 
20180810_iphone_green_0023_221.jpg 1 big_v 340 619 835 1090 
20180810_iphone_green_0036_416.jpg 1 big_v 174 645 927 1124 
20180810_iphone_green_0050_21.jpg 1 big_v 398 561 808 1118 
20180810_iphone_green_0050_386.jpg 1 big_v 235 540 828 1348 
20180810_iphone_green_0106_221.jpg 1 big_v 221 595 1080 1340 
20180810_iphone_green_0106_71.jpg 1 big_v 42 471 1042 1255 
20180810_iphone_green_0063_216.jpg 1 big_v 295 707 838 1498 
20180810_iphone_green_0092_346.jpg 1 big_v 200 807 1047 1638 
20180810_iphone_green_0050_351.jpg 1 big_v 169 685 938 1337 
20180810_iphone_green_0106_396.jpg 1 big_v 173 652 790 1386 
20180810_iphone_green_0023_156.jpg 1 big_v 214 438 1057 1224 
20180810_iphone_green_0092_226.jpg 1 big_v 322 779 686 1168 
20180810_iphone_green_0023_181.jpg 1 big_v 302 514 1080 1198 
20180810_iphone_green_0063_376.jpg 1 big_v 278 681 716 1243 
20180810_iphone_green_0092_16.jpg 1 big_v 195 655 842 1293 
20180810_iphone_green_0050_231.jpg 1 big_v 388 631 742 1157 
20180810_iphone_green_0078_106.jpg 1 big_v 83 817 861 1662 
20180810_iphone_green_0023_426.jpg 1 big_v 278 757 1075 1355 
20180810_iphone_green_0036_211.jpg 1 big_v 290 624 882 1024 
20180810_iphone_green_0005_381.jpg 1 big_v 138 686 816 1519 
