20180810_iphone_green_0028_471.jpg 1 yearh 300 531 757 1336 
20180810_iphone_green_0002_131.jpg 1 yearh 311 755 752 1652 
20180810_iphone_green_0098_46.jpg 1 yearh 62 694 652 1766 
20180810_iphone_green_0015_401.jpg 1 yearh 423 323 719 990 
20180810_iphone_green_0098_91.jpg 1 yearh 519 836 842 1374 
20180810_iphone_green_0042_311.jpg 1 yearh 121 479 664 1352 
20180810_iphone_green_0084_291.jpg 1 yearh 331 522 784 1597 
20180810_iphone_green_0028_101.jpg 1 yearh 300 819 688 1418 
20180810_iphone_green_0069_126.jpg 1 yearh 537 541 999 1512 
20180810_iphone_green_0002_496.jpg 1 yearh 142 590 573 1410 
20180810_iphone_green_0015_171.jpg 1 yearh 228 567 640 1538 
20180810_iphone_green_0055_231.jpg 1 yearh 400 488 716 1105 
20180810_iphone_green_0098_116.jpg 1 yearh 407 745 733 1407 
20180810_iphone_green_0084_326.jpg 1 yearh 528 686 766 1250 
20180810_iphone_green_0042_271.jpg 1 yearh 209 514 780 1571 
20180810_iphone_green_0015_206.jpg 1 yearh 216 740 676 1233 
20180810_iphone_green_0042_516.jpg 1 yearh 409 728 962 1750 
20180810_iphone_green_0098_301.jpg 1 yearh 323 555 738 1190 
20180810_iphone_green_0084_131.jpg 1 yearh 495 688 835 1262 
20180810_iphone_green_0069_251.jpg 1 yearh 578 686 957 1402 
20180810_iphone_green_0069_286.jpg 1 yearh 669 862 961 1364 
20180810_iphone_green_0002_31.jpg 1 yearh 202 416 793 1662 
20180810_iphone_green_0084_81.jpg 1 yearh 402 557 761 1386 
20180810_iphone_green_0084_56.jpg 1 yearh 221 506 665 1550 
20180810_iphone_green_0042_106.jpg 1 yearh 378 600 833 1429 
20180810_iphone_green_0002_326.jpg 1 yearh 381 436 1013 1650 
20180810_iphone_green_0042_11.jpg 1 yearh 202 544 871 1606 
20180810_iphone_green_0042_476.jpg 1 yearh 166 600 554 1381 
20180810_iphone_green_0015_366.jpg 1 yearh 123 407 483 1212 
20180810_iphone_green_0055_191.jpg 1 yearh 276 395 785 1486 
20180810_iphone_green_0028_21.jpg 1 yearh 390 750 957 1648 
20180810_iphone_green_0069_41.jpg 1 yearh 206 616 724 1638 
20180810_iphone_green_0069_331.jpg 1 yearh 446 589 751 1169 
20180810_iphone_green_0098_261.jpg 1 yearh 397 310 780 1002 
20180810_iphone_green_0055_146.jpg 1 yearh 433 557 716 1160 
20180810_iphone_green_0055_21.jpg 1 yearh 150 450 585 1231 
20180810_iphone_green_0069_96.jpg 1 yearh 578 721 897 1412 
20180810_iphone_green_0028_316.jpg 1 yearh 306 700 934 1703 
20180810_iphone_green_0028_466.jpg 1 yearh 296 550 968 1509 
20180810_iphone_green_0002_126.jpg 1 yearh 330 750 752 1655 
20180810_iphone_green_0098_51.jpg 1 yearh 59 740 580 1702 
20180810_iphone_green_0015_416.jpg 1 yearh 397 386 752 1202 
20180810_iphone_green_0098_86.jpg 1 yearh 516 836 795 1390 
20180810_iphone_green_0042_306.jpg 1 yearh 128 462 704 1448 
20180810_iphone_green_0028_116.jpg 1 yearh 323 769 752 1357 
20180810_iphone_green_0084_6.jpg 1 yearh 398 724 663 1343 
20180810_iphone_green_0002_456.jpg 1 yearh 112 525 615 1488 
20180810_iphone_green_0069_131.jpg 1 yearh 506 503 987 1531 
20180810_iphone_green_0002_481.jpg 1 yearh 145 695 573 1519 
20180810_iphone_green_0015_166.jpg 1 yearh 135 500 723 1560 
20180810_iphone_green_0055_226.jpg 1 yearh 435 474 775 1131 
20180810_iphone_green_0098_101.jpg 1 yearh 488 779 759 1345 
20180810_iphone_green_0084_331.jpg 1 yearh 528 698 747 1243 
20180810_iphone_green_0042_266.jpg 1 yearh 312 525 818 1488 
20180810_iphone_green_0015_211.jpg 1 yearh 219 667 654 1243 
20180810_iphone_green_0098_316.jpg 1 yearh 478 721 878 1364 
20180810_iphone_green_0084_126.jpg 1 yearh 497 674 802 1205 
20180810_iphone_green_0069_246.jpg 1 yearh 552 557 928 1257 
20180810_iphone_green_0028_261.jpg 1 yearh 394 571 884 1221 
20180810_iphone_green_0069_291.jpg 1 yearh 683 836 950 1312 
20180810_iphone_green_0002_26.jpg 1 yearh 237 450 828 1697 
20180810_iphone_green_0084_96.jpg 1 yearh 321 705 571 1269 
20180810_iphone_green_0015_16.jpg 1 yearh 402 536 740 1307 
20180810_iphone_green_0084_41.jpg 1 yearh 143 478 624 1547 
20180810_iphone_green_0042_111.jpg 1 yearh 366 574 859 1479 
20180810_iphone_green_0002_331.jpg 1 yearh 349 456 990 1694 
20180810_iphone_green_0042_1.jpg 1 yearh 252 586 888 1607 
20180810_iphone_green_0042_461.jpg 1 yearh 283 462 590 1124 
20180810_iphone_green_0055_186.jpg 1 yearh 242 369 766 1507 
20180810_iphone_green_0015_371.jpg 1 yearh 88 414 454 1148 
20180810_iphone_green_0028_36.jpg 1 yearh 276 812 659 1471 
20180810_iphone_green_0069_56.jpg 1 yearh 366 733 702 1412 
20180810_iphone_green_0069_326.jpg 1 yearh 495 569 785 1114 
20180810_iphone_green_0098_276.jpg 1 yearh 342 298 690 905 
20180810_iphone_green_0055_151.jpg 1 yearh 373 548 683 1217 
20180810_iphone_green_0055_36.jpg 1 yearh 161 348 602 1243 
20180810_iphone_green_0069_81.jpg 1 yearh 526 779 790 1333 
20180810_iphone_green_0055_141.jpg 1 yearh 452 576 716 1138 
20180810_iphone_green_0055_26.jpg 1 yearh 135 414 585 1255 
20180810_iphone_green_0069_91.jpg 1 yearh 585 736 885 1381 
20180810_iphone_green_0028_311.jpg 1 yearh 395 726 1004 1698 
20180810_iphone_green_0042_471.jpg 1 yearh 233 581 576 1298 
20180810_iphone_green_0055_196.jpg 1 yearh 340 422 824 1450 
20180810_iphone_green_0015_361.jpg 1 yearh 171 388 557 1281 
20180810_iphone_green_0028_26.jpg 1 yearh 307 781 797 1586 
20180810_iphone_green_0069_46.jpg 1 yearh 252 652 707 1536 
20180810_iphone_green_0069_336.jpg 1 yearh 373 605 702 1231 
20180810_iphone_green_0098_266.jpg 1 yearh 395 307 783 964 
20180810_iphone_green_0002_321.jpg 1 yearh 355 378 992 1595 
20180810_iphone_green_0042_16.jpg 1 yearh 149 494 862 1612 
20180810_iphone_green_0042_101.jpg 1 yearh 400 648 821 1436 
20180810_iphone_green_0084_51.jpg 1 yearh 221 517 659 1571 
20180810_iphone_green_0084_86.jpg 1 yearh 416 626 733 1357 
20180810_iphone_green_0028_271.jpg 1 yearh 528 626 992 1233 
20180810_iphone_green_0069_281.jpg 1 yearh 675 887 977 1419 
20180810_iphone_green_0002_36.jpg 1 yearh 181 350 790 1641 
20180810_iphone_green_0015_201.jpg 1 yearh 209 764 659 1217 
20180810_iphone_green_0042_511.jpg 1 yearh 384 709 971 1781 
20180810_iphone_green_0098_306.jpg 1 yearh 376 683 792 1343 
20180810_iphone_green_0084_136.jpg 1 yearh 507 705 895 1317 
20180810_iphone_green_0069_256.jpg 1 yearh 609 833 980 1557 
20180810_iphone_green_0042_276.jpg 1 yearh 152 481 802 1631 
20180810_iphone_green_0098_111.jpg 1 yearh 464 764 738 1390 
20180810_iphone_green_0084_321.jpg 1 yearh 528 655 773 1243 
20180810_iphone_green_0055_236.jpg 1 yearh 388 511 692 1094 
20180810_iphone_green_0069_121.jpg 1 yearh 557 569 997 1505 
20180810_iphone_green_0002_491.jpg 1 yearh 152 610 583 1433 
20180810_iphone_green_0015_176.jpg 1 yearh 164 626 547 1469 
20180810_iphone_green_0084_296.jpg 1 yearh 418 478 828 1469 
20180810_iphone_green_0028_106.jpg 1 yearh 357 819 721 1388 
20180810_iphone_green_0015_406.jpg 1 yearh 428 352 738 1062 
20180810_iphone_green_0098_96.jpg 1 yearh 504 802 807 1350 
20180810_iphone_green_0042_316.jpg 1 yearh 126 481 628 1260 
20180810_iphone_green_0002_136.jpg 1 yearh 314 745 769 1650 
20180810_iphone_green_0098_41.jpg 1 yearh 41 632 802 1800 
20180810_iphone_green_0055_156.jpg 1 yearh 302 531 647 1264 
20180810_iphone_green_0055_31.jpg 1 yearh 173 369 614 1233 
20180810_iphone_green_0069_86.jpg 1 yearh 559 750 847 1352 
20180810_iphone_green_0042_466.jpg 1 yearh 230 538 569 1221 
20180810_iphone_green_0015_376.jpg 1 yearh 135 395 469 1098 
20180810_iphone_green_0055_181.jpg 1 yearh 143 297 702 1472 
20180810_iphone_green_0028_31.jpg 1 yearh 245 814 685 1521 
20180810_iphone_green_0069_51.jpg 1 yearh 309 695 700 1474 
20180810_iphone_green_0069_321.jpg 1 yearh 543 565 814 1074 
20180810_iphone_green_0098_271.jpg 1 yearh 374 305 763 938 
20180810_iphone_green_0002_336.jpg 1 yearh 356 491 990 1734 
20180810_iphone_green_0042_6.jpg 1 yearh 240 576 878 1610 
20180810_iphone_green_0042_116.jpg 1 yearh 402 581 900 1538 
20180810_iphone_green_0015_11.jpg 1 yearh 392 569 697 1255 
20180810_iphone_green_0084_46.jpg 1 yearh 174 509 628 1556 
20180810_iphone_green_0002_281.jpg 1 yearh 19 483 614 1631 
20180810_iphone_green_0084_91.jpg 1 yearh 380 676 661 1319 
20180810_iphone_green_0028_266.jpg 1 yearh 516 605 935 1214 
20180810_iphone_green_0069_296.jpg 1 yearh 666 802 925 1265 
20180810_iphone_green_0002_21.jpg 1 yearh 224 438 790 1669 
20180810_iphone_green_0015_216.jpg 1 yearh 252 621 585 1236 
20180810_iphone_green_0042_506.jpg 1 yearh 337 672 943 1784 
20180810_iphone_green_0098_311.jpg 1 yearh 452 729 871 1388 
20180810_iphone_green_0084_121.jpg 1 yearh 478 702 759 1210 
20180810_iphone_green_0069_241.jpg 1 yearh 530 444 900 1123 
20180810_iphone_green_0042_261.jpg 1 yearh 414 533 857 1421 
20180810_iphone_green_0098_106.jpg 1 yearh 476 776 740 1348 
20180810_iphone_green_0084_336.jpg 1 yearh 514 687 746 1242 
20180810_iphone_green_0055_221.jpg 1 yearh 490 463 842 1158 
20180810_iphone_green_0069_136.jpg 1 yearh 459 488 952 1512 
20180810_iphone_green_0002_486.jpg 1 yearh 133 638 559 1467 
20180810_iphone_green_0015_161.jpg 1 yearh 162 453 821 1606 
20180810_iphone_green_0028_111.jpg 1 yearh 345 779 761 1363 
20180810_iphone_green_0084_1.jpg 1 yearh 441 703 680 1265 
20180810_iphone_green_0002_451.jpg 1 yearh 49 478 602 1516 
20180810_iphone_green_0015_411.jpg 1 yearh 421 380 749 1135 
20180810_iphone_green_0098_81.jpg 1 yearh 519 814 790 1388 
20180810_iphone_green_0042_301.jpg 1 yearh 168 466 765 1572 
20180810_iphone_green_0002_121.jpg 1 yearh 328 716 737 1644 
20180810_iphone_green_0098_56.jpg 1 yearh 152 767 623 1631 
20180810_iphone_green_0028_406.jpg 1 yearh 290 562 816 1386 
20180810_iphone_green_0002_146.jpg 1 yearh 335 733 792 1631 
20180810_iphone_green_0098_31.jpg 1 yearh 121 688 778 1794 
20180810_iphone_green_0042_366.jpg 1 yearh 326 488 659 1050 
20180810_iphone_green_0002_191.jpg 1 yearh 315 684 834 1772 
20180810_iphone_green_0028_176.jpg 1 yearh 154 645 704 1357 
20180810_iphone_green_0069_186.jpg 1 yearh 278 486 707 1367 
20180810_iphone_green_0055_326.jpg 1 yearh 62 600 662 1675 
20180810_iphone_green_0069_151.jpg 1 yearh 302 510 780 1502 
20180810_iphone_green_0055_246.jpg 1 yearh 475 703 758 1218 
20180810_iphone_green_0098_161.jpg 1 yearh 68 541 611 1792 
20180810_iphone_green_0084_351.jpg 1 yearh 345 600 621 1310 
20180810_iphone_green_0055_291.jpg 1 yearh 388 610 714 1194 
20180810_iphone_green_0098_411.jpg 1 yearh 354 833 628 1343 
20180810_iphone_green_0042_206.jpg 1 yearh 542 726 861 1295 
20180810_iphone_green_0042_561.jpg 1 yearh 131 525 871 1641 
20180810_iphone_green_0015_271.jpg 1 yearh 183 457 642 1210 
20180810_iphone_green_0098_376.jpg 1 yearh 397 799 602 1217 
20180810_iphone_green_0084_146.jpg 1 yearh 416 748 871 1450 
20180810_iphone_green_0002_91.jpg 1 yearh 134 462 874 1738 
20180810_iphone_green_0069_226.jpg 1 yearh 457 495 833 1176 
20180810_iphone_green_0084_191.jpg 1 yearh 511 598 961 1221 
20180810_iphone_green_0002_46.jpg 1 yearh 212 350 806 1578 
20180810_iphone_green_0028_201.jpg 1 yearh 452 626 895 1310 
20180810_iphone_green_0002_231.jpg 1 yearh 68 697 674 1831 
20180810_iphone_green_0015_76.jpg 1 yearh 357 686 666 1321 
20180810_iphone_green_0084_21.jpg 1 yearh 259 645 630 1493 
20180810_iphone_green_0042_171.jpg 1 yearh 359 650 750 1290 
20180810_iphone_green_0002_351.jpg 1 yearh 324 394 996 1712 
20180810_iphone_green_0042_66.jpg 1 yearh 380 743 745 1376 
20180810_iphone_green_0015_311.jpg 1 yearh 123 483 561 1150 
20180810_iphone_green_0028_56.jpg 1 yearh 397 760 809 1519 
20180810_iphone_green_0055_81.jpg 1 yearh 497 531 885 1231 
20180810_iphone_green_0069_36.jpg 1 yearh 156 578 721 1722 
20180810_iphone_green_0069_346.jpg 1 yearh 252 629 621 1369 
20180810_iphone_green_0098_216.jpg 1 yearh 454 602 780 1260 
20180810_iphone_green_0055_56.jpg 1 yearh 390 460 795 1302 
20180810_iphone_green_0028_81.jpg 1 yearh 368 622 921 1638 
20180810_iphone_green_0055_131.jpg 1 yearh 441 633 702 1154 
20180810_iphone_green_0028_361.jpg 1 yearh 371 614 838 1324 
20180810_iphone_green_0028_411.jpg 1 yearh 373 536 798 1280 
20180810_iphone_green_0002_151.jpg 1 yearh 347 748 800 1629 
20180810_iphone_green_0098_26.jpg 1 yearh 112 739 665 1722 
20180810_iphone_green_0002_186.jpg 1 yearh 325 700 809 1734 
20180810_iphone_green_0042_371.jpg 1 yearh 292 495 669 1100 
20180810_iphone_green_0028_161.jpg 1 yearh 261 617 838 1543 
20180810_iphone_green_0069_191.jpg 1 yearh 333 464 759 1319 
20180810_iphone_green_0002_421.jpg 1 yearh 90 544 684 1638 
20180810_iphone_green_0069_146.jpg 1 yearh 346 500 834 1522 
20180810_iphone_green_0055_251.jpg 1 yearh 517 834 796 1323 
20180810_iphone_green_0098_176.jpg 1 yearh 228 544 737 1694 
20180810_iphone_green_0084_346.jpg 1 yearh 403 606 680 1254 
20180810_iphone_green_0055_286.jpg 1 yearh 454 610 747 1133 
20180810_iphone_green_0098_406.jpg 1 yearh 384 848 635 1324 
20180810_iphone_green_0042_211.jpg 1 yearh 504 664 845 1267 
20180810_iphone_green_0015_266.jpg 1 yearh 166 402 585 1248 
20180810_iphone_green_0002_86.jpg 1 yearh 99 473 922 1795 
20180810_iphone_green_0098_361.jpg 1 yearh 379 779 641 1279 
20180810_iphone_green_0084_151.jpg 1 yearh 307 740 821 1481 
20180810_iphone_green_0069_231.jpg 1 yearh 479 450 854 1119 
20180810_iphone_green_0002_51.jpg 1 yearh 218 397 809 1581 
20180810_iphone_green_0084_186.jpg 1 yearh 407 493 907 1214 
20180810_iphone_green_0028_216.jpg 1 yearh 140 621 878 1564 
20180810_iphone_green_0098_1.jpg 1 yearh 414 890 792 1438 
20180810_iphone_green_0002_226.jpg 1 yearh 124 703 728 1866 
20180810_iphone_green_0084_36.jpg 1 yearh 131 484 621 1575 
20180810_iphone_green_0042_166.jpg 1 yearh 259 602 709 1319 
20180810_iphone_green_0002_391.jpg 1 yearh 290 368 1076 1873 
20180810_iphone_green_0002_346.jpg 1 yearh 345 434 1017 1727 
20180810_iphone_green_0042_71.jpg 1 yearh 392 760 757 1400 
20180810_iphone_green_0015_306.jpg 1 yearh 114 474 495 1105 
20180810_iphone_green_0028_41.jpg 1 yearh 311 785 684 1425 
20180810_iphone_green_0042_416.jpg 1 yearh 278 453 821 1469 
20180810_iphone_green_0055_96.jpg 1 yearh 450 514 823 1171 
20180810_iphone_green_0069_351.jpg 1 yearh 204 619 595 1407 
20180810_iphone_green_0098_201.jpg 1 yearh 450 510 819 1286 
20180810_iphone_green_0055_41.jpg 1 yearh 216 369 619 1250 
20180810_iphone_green_0028_96.jpg 1 yearh 271 781 730 1476 
20180810_iphone_green_0055_126.jpg 1 yearh 426 643 692 1155 
20180810_iphone_green_0002_6.jpg 1 yearh 252 328 812 1566 
20180810_iphone_green_0028_376.jpg 1 yearh 266 726 904 1590 
20180810_iphone_green_0069_386.jpg 1 yearh 206 484 690 1478 
20180810_iphone_green_0055_51.jpg 1 yearh 340 429 752 1276 
20180810_iphone_green_0028_86.jpg 1 yearh 333 652 819 1574 
20180810_iphone_green_0055_136.jpg 1 yearh 448 606 713 1137 
20180810_iphone_green_0028_366.jpg 1 yearh 435 667 869 1383 
20180810_iphone_green_0015_316.jpg 1 yearh 202 474 640 1202 
20180810_iphone_green_0028_51.jpg 1 yearh 357 760 735 1445 
20180810_iphone_green_0055_86.jpg 1 yearh 469 500 854 1198 
20180810_iphone_green_0069_31.jpg 1 yearh 87 541 693 1784 
20180810_iphone_green_0069_341.jpg 1 yearh 299 619 652 1316 
20180810_iphone_green_0098_211.jpg 1 yearh 445 557 804 1248 
20180810_iphone_green_0002_356.jpg 1 yearh 322 359 1008 1732 
20180810_iphone_green_0042_61.jpg 1 yearh 392 726 773 1383 
20180810_iphone_green_0042_176.jpg 1 yearh 452 695 809 1288 
20180810_iphone_green_0002_381.jpg 1 yearh 249 441 1045 1920 
20180810_iphone_green_0002_236.jpg 1 yearh 9 672 596 1834 
20180810_iphone_green_0015_71.jpg 1 yearh 307 650 626 1364 
20180810_iphone_green_0084_26.jpg 1 yearh 206 597 628 1534 
20180810_iphone_green_0002_41.jpg 1 yearh 209 350 787 1597 
20180810_iphone_green_0084_196.jpg 1 yearh 527 658 924 1210 
20180810_iphone_green_0015_276.jpg 1 yearh 221 493 688 1167 
20180810_iphone_green_0002_96.jpg 1 yearh 168 475 815 1691 
20180810_iphone_green_0098_371.jpg 1 yearh 385 783 614 1231 
20180810_iphone_green_0084_141.jpg 1 yearh 497 726 904 1381 
20180810_iphone_green_0069_221.jpg 1 yearh 433 540 821 1229 
20180810_iphone_green_0098_416.jpg 1 yearh 325 763 661 1367 
20180810_iphone_green_0042_201.jpg 1 yearh 571 767 869 1317 
20180810_iphone_green_0098_166.jpg 1 yearh 106 569 646 1841 
20180810_iphone_green_0084_356.jpg 1 yearh 226 600 564 1400 
20180810_iphone_green_0055_296.jpg 1 yearh 328 669 702 1314 
20180810_iphone_green_0055_241.jpg 1 yearh 423 586 719 1131 
20180810_iphone_green_0069_156.jpg 1 yearh 283 471 750 1445 
20180810_iphone_green_0028_171.jpg 1 yearh 238 648 735 1428 
20180810_iphone_green_0069_181.jpg 1 yearh 252 488 680 1388 
20180810_iphone_green_0055_321.jpg 1 yearh 56 722 646 1772 
20180810_iphone_green_0002_196.jpg 1 yearh 306 691 852 1841 
20180810_iphone_green_0042_361.jpg 1 yearh 297 493 664 1019 
20180810_iphone_green_0002_141.jpg 1 yearh 311 726 780 1633 
20180810_iphone_green_0098_36.jpg 1 yearh 65 647 831 1800 
20180810_iphone_green_0055_46.jpg 1 yearh 280 412 661 1276 
20180810_iphone_green_0028_91.jpg 1 yearh 300 710 757 1519 
20180810_iphone_green_0055_121.jpg 1 yearh 425 635 714 1161 
20180810_iphone_green_0028_371.jpg 1 yearh 397 702 866 1479 
20180810_iphone_green_0002_1.jpg 1 yearh 226 341 810 1614 
20180810_iphone_green_0069_381.jpg 1 yearh 134 475 618 1469 
20180810_iphone_green_0015_301.jpg 1 yearh 173 474 480 1093 
20180810_iphone_green_0028_46.jpg 1 yearh 333 755 680 1407 
20180810_iphone_green_0042_411.jpg 1 yearh 121 433 847 1514 
20180810_iphone_green_0055_91.jpg 1 yearh 442 481 828 1171 
20180810_iphone_green_0069_26.jpg 1 yearh 34 500 659 1791 
20180810_iphone_green_0069_356.jpg 1 yearh 176 593 578 1436 
20180810_iphone_green_0098_206.jpg 1 yearh 476 521 835 1260 
20180810_iphone_green_0002_341.jpg 1 yearh 368 484 1015 1750 
20180810_iphone_green_0042_76.jpg 1 yearh 400 771 773 1410 
20180810_iphone_green_0002_396.jpg 1 yearh 272 277 1008 1723 
20180810_iphone_green_0042_161.jpg 1 yearh 173 581 707 1386 
20180810_iphone_green_0002_221.jpg 1 yearh 124 675 740 1831 
20180810_iphone_green_0015_66.jpg 1 yearh 142 645 595 1424 
20180810_iphone_green_0084_31.jpg 1 yearh 180 552 647 1581 
20180810_iphone_green_0098_6.jpg 1 yearh 380 888 816 1486 
20180810_iphone_green_0084_181.jpg 1 yearh 226 521 764 1369 
20180810_iphone_green_0002_56.jpg 1 yearh 221 453 856 1603 
20180810_iphone_green_0028_211.jpg 1 yearh 123 619 838 1443 
20180810_iphone_green_0015_261.jpg 1 yearh 166 352 592 1300 
20180810_iphone_green_0098_366.jpg 1 yearh 381 771 616 1245 
20180810_iphone_green_0084_156.jpg 1 yearh 252 760 766 1540 
20180810_iphone_green_0002_81.jpg 1 yearh 128 569 984 1891 
20180810_iphone_green_0069_236.jpg 1 yearh 513 417 878 1079 
20180810_iphone_green_0098_401.jpg 1 yearh 430 829 647 1274 
20180810_iphone_green_0042_216.jpg 1 yearh 473 550 823 1205 
20180810_iphone_green_0098_171.jpg 1 yearh 159 628 693 1816 
20180810_iphone_green_0084_341.jpg 1 yearh 469 652 717 1240 
20180810_iphone_green_0055_281.jpg 1 yearh 509 683 785 1179 
20180810_iphone_green_0055_256.jpg 1 yearh 530 921 804 1398 
20180810_iphone_green_0069_141.jpg 1 yearh 399 491 890 1522 
20180810_iphone_green_0028_166.jpg 1 yearh 259 643 788 1500 
20180810_iphone_green_0069_196.jpg 1 yearh 395 433 821 1279 
20180810_iphone_green_0002_426.jpg 1 yearh 48 575 649 1653 
20180810_iphone_green_0042_376.jpg 1 yearh 259 500 669 1152 
20180810_iphone_green_0002_181.jpg 1 yearh 352 722 815 1738 
20180810_iphone_green_0028_416.jpg 1 yearh 380 507 804 1221 
20180810_iphone_green_0002_156.jpg 1 yearh 373 764 809 1633 
20180810_iphone_green_0098_21.jpg 1 yearh 143 772 652 1644 
20180810_iphone_green_0028_341.jpg 1 yearh 306 678 828 1525 
20180810_iphone_green_0055_111.jpg 1 yearh 454 614 773 1174 
20180810_iphone_green_0055_76.jpg 1 yearh 521 550 904 1260 
20180810_iphone_green_0069_366.jpg 1 yearh 95 495 545 1412 
20180810_iphone_green_0098_236.jpg 1 yearh 392 426 759 1143 
20180810_iphone_green_0042_421.jpg 1 yearh 297 457 814 1405 
20180810_iphone_green_0015_331.jpg 1 yearh 388 398 809 1340 
20180810_iphone_green_0028_76.jpg 1 yearh 385 607 964 1643 
20180810_iphone_green_0042_46.jpg 1 yearh 254 643 850 1624 
20180810_iphone_green_0002_371.jpg 1 yearh 231 327 1022 1855 
20180810_iphone_green_0042_186.jpg 1 yearh 555 758 863 1298 
20180810_iphone_green_0042_91.jpg 1 yearh 409 717 833 1419 
20180810_iphone_green_0042_151.jpg 1 yearh 116 560 769 1574 
20180810_iphone_green_0002_211.jpg 1 yearh 52 703 674 1875 
20180810_iphone_green_0015_81.jpg 1 yearh 361 729 738 1302 
20180810_iphone_green_0028_221.jpg 1 yearh 169 662 957 1733 
20180810_iphone_green_0098_381.jpg 1 yearh 400 780 613 1202 
20180810_iphone_green_0002_66.jpg 1 yearh 196 566 890 1759 
20180810_iphone_green_0015_286.jpg 1 yearh 246 496 644 1067 
20180810_iphone_green_0084_166.jpg 1 yearh 228 760 842 1638 
20180810_iphone_green_0098_356.jpg 1 yearh 390 776 654 1321 
20180810_iphone_green_0069_206.jpg 1 yearh 454 429 864 1210 
20180810_iphone_green_0015_251.jpg 1 yearh 202 375 740 1400 
20180810_iphone_green_0042_541.jpg 1 yearh 434 650 896 1472 
20180810_iphone_green_0042_226.jpg 1 yearh 419 250 814 969 
20180810_iphone_green_0098_141.jpg 1 yearh 228 586 676 1657 
20180810_iphone_green_0055_266.jpg 1 yearh 557 938 823 1410 
20180810_iphone_green_0098_196.jpg 1 yearh 373 500 785 1329 
20180810_iphone_green_0028_181.jpg 1 yearh 164 652 711 1300 
20180810_iphone_green_0069_171.jpg 1 yearh 264 386 716 1336 
20180810_iphone_green_0084_211.jpg 1 yearh 521 660 859 1167 
20180810_iphone_green_0055_306.jpg 1 yearh 188 821 685 1667 
20180810_iphone_green_0002_416.jpg 1 yearh 124 488 712 1591 
20180810_iphone_green_0028_156.jpg 1 yearh 273 614 866 1567 
20180810_iphone_green_0015_456.jpg 1 yearh 302 200 828 1447 
20180810_iphone_green_0042_346.jpg 1 yearh 280 526 704 1062 
20180810_iphone_green_0002_166.jpg 1 yearh 409 743 816 1633 
20180810_iphone_green_0098_11.jpg 1 yearh 347 855 821 1521 
20180810_iphone_green_0028_426.jpg 1 yearh 321 543 738 1238 
20180810_iphone_green_0028_356.jpg 1 yearh 302 602 792 1293 
20180810_iphone_green_0055_106.jpg 1 yearh 464 600 797 1179 
20180810_iphone_green_0055_61.jpg 1 yearh 426 493 835 1298 
20180810_iphone_green_0028_381.jpg 1 yearh 115 709 959 1700 
20180810_iphone_green_0069_371.jpg 1 yearh 52 459 521 1419 
20180810_iphone_green_0098_221.jpg 1 yearh 498 621 807 1263 
20180810_iphone_green_0042_436.jpg 1 yearh 273 317 661 1069 
20180810_iphone_green_0015_326.jpg 1 yearh 421 429 797 1302 
20180810_iphone_green_0028_61.jpg 1 yearh 402 750 876 1595 
20180810_iphone_green_0042_51.jpg 1 yearh 306 697 802 1522 
20180810_iphone_green_0042_191.jpg 1 yearh 580 760 876 1305 
20180810_iphone_green_0002_366.jpg 1 yearh 245 295 1004 1773 
20180810_iphone_green_0042_86.jpg 1 yearh 426 733 823 1429 
20180810_iphone_green_0042_146.jpg 1 yearh 181 550 859 1641 
20180810_iphone_green_0084_16.jpg 1 yearh 302 693 628 1445 
20180810_iphone_green_0015_41.jpg 1 yearh 302 481 852 1762 
20180810_iphone_green_0002_206.jpg 1 yearh 124 728 746 1903 
20180810_iphone_green_0002_71.jpg 1 yearh 181 606 940 1834 
20180810_iphone_green_0098_396.jpg 1 yearh 438 812 678 1245 
20180810_iphone_green_0015_291.jpg 1 yearh 235 495 557 1088 
20180810_iphone_green_0084_171.jpg 1 yearh 88 757 711 1681 
20180810_iphone_green_0098_341.jpg 1 yearh 385 833 719 1436 
20180810_iphone_green_0069_211.jpg 1 yearh 445 488 850 1248 
20180810_iphone_green_0015_246.jpg 1 yearh 88 440 733 1474 
20180810_iphone_green_0042_231.jpg 1 yearh 414 162 828 876 
20180810_iphone_green_0098_426.jpg 1 yearh 209 624 740 1417 
20180810_iphone_green_0098_156.jpg 1 yearh 65 544 609 1765 
20180810_iphone_green_0055_271.jpg 1 yearh 557 890 832 1364 
20180810_iphone_green_0015_1.jpg 1 yearh 398 632 661 1226 
20180810_iphone_green_0098_181.jpg 1 yearh 250 479 771 1550 
20180810_iphone_green_0028_1.jpg 1 yearh 428 888 1023 1743 
20180810_iphone_green_0015_131.jpg 1 yearh 266 590 616 1395 
20180810_iphone_green_0028_196.jpg 1 yearh 457 650 873 1307 
20180810_iphone_green_0069_166.jpg 1 yearh 290 372 749 1341 
20180810_iphone_green_0084_206.jpg 1 yearh 529 650 859 1155 
20180810_iphone_green_0055_311.jpg 1 yearh 126 850 673 1786 
20180810_iphone_green_0002_401.jpg 1 yearh 263 291 926 1650 
20180810_iphone_green_0028_141.jpg 1 yearh 364 607 823 1460 
20180810_iphone_green_0015_441.jpg 1 yearh 365 262 859 1434 
20180810_iphone_green_0042_351.jpg 1 yearh 290 505 690 1036 
20180810_iphone_green_0002_171.jpg 1 yearh 380 719 814 1650 
20180810_iphone_green_0042_386.jpg 1 yearh 69 440 700 1202 
20180810_iphone_green_0028_431.jpg 1 yearh 259 525 780 1295 
20180810_iphone_green_0002_161.jpg 1 yearh 409 764 819 1636 
20180810_iphone_green_0098_16.jpg 1 yearh 276 810 704 1571 
20180810_iphone_green_0028_421.jpg 1 yearh 384 525 778 1200 
20180810_iphone_green_0015_451.jpg 1 yearh 321 205 854 1445 
20180810_iphone_green_0042_341.jpg 1 yearh 279 531 708 1066 
20180810_iphone_green_0055_301.jpg 1 yearh 269 769 697 1495 
20180810_iphone_green_0002_411.jpg 1 yearh 156 400 756 1581 
20180810_iphone_green_0028_151.jpg 1 yearh 196 622 821 1569 
20180810_iphone_green_0028_186.jpg 1 yearh 219 648 754 1288 
20180810_iphone_green_0069_176.jpg 1 yearh 240 445 678 1355 
20180810_iphone_green_0084_216.jpg 1 yearh 511 686 854 1205 
20180810_iphone_green_0055_261.jpg 1 yearh 547 957 816 1419 
20180810_iphone_green_0098_191.jpg 1 yearh 288 524 764 1402 
20180810_iphone_green_0098_146.jpg 1 yearh 178 531 665 1709 
20180810_iphone_green_0042_221.jpg 1 yearh 454 393 819 1093 
20180810_iphone_green_0069_1.jpg 1 yearh 121 559 637 1581 
20180810_iphone_green_0084_161.jpg 1 yearh 273 755 847 1583 
20180810_iphone_green_0098_351.jpg 1 yearh 390 781 685 1376 
20180810_iphone_green_0069_201.jpg 1 yearh 435 405 859 1221 
20180810_iphone_green_0015_256.jpg 1 yearh 230 338 669 1360 
20180810_iphone_green_0042_546.jpg 1 yearh 309 617 880 1507 
20180810_iphone_green_0002_61.jpg 1 yearh 206 509 856 1653 
20180810_iphone_green_0098_386.jpg 1 yearh 416 778 684 1197 
20180810_iphone_green_0015_281.jpg 1 yearh 245 498 692 1095 
20180810_iphone_green_0015_86.jpg 1 yearh 366 812 792 1300 
20180810_iphone_green_0002_216.jpg 1 yearh 65 666 693 1828 
20180810_iphone_green_0042_96.jpg 1 yearh 397 700 809 1433 
20180810_iphone_green_0042_156.jpg 1 yearh 123 583 704 1488 
20180810_iphone_green_0042_41.jpg 1 yearh 190 550 896 1781 
20180810_iphone_green_0042_181.jpg 1 yearh 519 733 838 1298 
20180810_iphone_green_0002_376.jpg 1 yearh 231 395 1004 1909 
20180810_iphone_green_0069_361.jpg 1 yearh 133 543 559 1426 
20180810_iphone_green_0098_231.jpg 1 yearh 447 524 800 1217 
20180810_iphone_green_0042_426.jpg 1 yearh 283 419 752 1281 
20180810_iphone_green_0015_336.jpg 1 yearh 318 369 768 1397 
20180810_iphone_green_0028_71.jpg 1 yearh 399 669 962 1662 
20180810_iphone_green_0028_346.jpg 1 yearh 297 671 750 1443 
20180810_iphone_green_0055_116.jpg 1 yearh 450 626 752 1167 
20180810_iphone_green_0055_71.jpg 1 yearh 497 545 883 1281 
20180810_iphone_green_0042_381.jpg 1 yearh 180 474 685 1186 
20180810_iphone_green_0002_176.jpg 1 yearh 381 725 821 1691 
20180810_iphone_green_0028_436.jpg 1 yearh 219 538 845 1395 
20180810_iphone_green_0015_446.jpg 1 yearh 352 238 873 1455 
20180810_iphone_green_0042_356.jpg 1 yearh 290 481 659 1006 
20180810_iphone_green_0055_316.jpg 1 yearh 78 814 652 1805 
20180810_iphone_green_0002_406.jpg 1 yearh 210 349 863 1609 
20180810_iphone_green_0028_146.jpg 1 yearh 226 614 809 1521 
20180810_iphone_green_0015_136.jpg 1 yearh 261 588 671 1474 
20180810_iphone_green_0028_6.jpg 1 yearh 404 879 1028 1736 
20180810_iphone_green_0028_191.jpg 1 yearh 323 636 811 1302 
20180810_iphone_green_0069_161.jpg 1 yearh 295 407 754 1369 
20180810_iphone_green_0084_201.jpg 1 yearh 547 650 892 1169 
20180810_iphone_green_0055_276.jpg 1 yearh 552 807 821 1286 
20180810_iphone_green_0015_6.jpg 1 yearh 395 612 673 1238 
20180810_iphone_green_0098_186.jpg 1 yearh 246 506 765 1472 
20180810_iphone_green_0084_361.jpg 1 yearh 114 595 504 1502 
20180810_iphone_green_0098_151.jpg 1 yearh 99 522 618 1719 
20180810_iphone_green_0042_236.jpg 1 yearh 435 143 850 864 
20180810_iphone_green_0098_421.jpg 1 yearh 276 688 761 1388 
20180810_iphone_green_0084_176.jpg 1 yearh 50 655 604 1581 
20180810_iphone_green_0098_346.jpg 1 yearh 385 810 702 1414 
20180810_iphone_green_0069_216.jpg 1 yearh 421 538 816 1252 
20180810_iphone_green_0042_551.jpg 1 yearh 223 583 873 1552 
20180810_iphone_green_0098_391.jpg 1 yearh 417 805 703 1215 
20180810_iphone_green_0002_76.jpg 1 yearh 146 612 993 1894 
20180810_iphone_green_0015_296.jpg 1 yearh 230 486 497 1090 
20180810_iphone_green_0084_11.jpg 1 yearh 350 717 645 1395 
20180810_iphone_green_0015_46.jpg 1 yearh 181 603 812 1878 
20180810_iphone_green_0002_201.jpg 1 yearh 190 706 752 1900 
20180810_iphone_green_0042_81.jpg 1 yearh 421 760 795 1426 
20180810_iphone_green_0042_141.jpg 1 yearh 215 541 893 1694 
20180810_iphone_green_0042_56.jpg 1 yearh 350 721 785 1440 
20180810_iphone_green_0002_361.jpg 1 yearh 295 304 1022 1745 
20180810_iphone_green_0042_196.jpg 1 yearh 588 771 873 1317 
20180810_iphone_green_0069_376.jpg 1 yearh 66 460 540 1445 
20180810_iphone_green_0098_226.jpg 1 yearh 488 595 797 1250 
20180810_iphone_green_0042_431.jpg 1 yearh 264 376 692 1174 
20180810_iphone_green_0015_321.jpg 1 yearh 333 445 730 1250 
20180810_iphone_green_0028_66.jpg 1 yearh 399 725 924 1647 
20180810_iphone_green_0028_351.jpg 1 yearh 271 612 766 1352 
20180810_iphone_green_0055_101.jpg 1 yearh 454 567 816 1181 
20180810_iphone_green_0055_66.jpg 1 yearh 459 517 859 1295 
20180810_iphone_green_0028_336.jpg 1 yearh 328 653 862 1591 
20180810_iphone_green_0098_296.jpg 1 yearh 333 410 690 1038 
20180810_iphone_green_0042_481.jpg 1 yearh 92 583 571 1467 
20180810_iphone_green_0015_391.jpg 1 yearh 309 362 590 1002 
20180810_iphone_green_0055_166.jpg 1 yearh 190 391 678 1375 
20180810_iphone_green_0069_311.jpg 1 yearh 595 669 852 1124 
20180810_iphone_green_0069_61.jpg 1 yearh 395 771 707 1376 
20180810_iphone_green_0098_241.jpg 1 yearh 390 340 764 1069 
20180810_iphone_green_0015_346.jpg 1 yearh 243 350 740 1431 
20180810_iphone_green_0042_456.jpg 1 yearh 346 394 636 1038 
20180810_iphone_green_0042_31.jpg 1 yearh 149 494 924 1816 
20180810_iphone_green_0042_126.jpg 1 yearh 402 625 1012 1697 
20180810_iphone_green_0084_76.jpg 1 yearh 384 484 762 1428 
20180810_iphone_green_0002_266.jpg 1 yearh 59 428 606 1597 
20180810_iphone_green_0015_21.jpg 1 yearh 397 495 778 1383 
20180810_iphone_green_0002_11.jpg 1 yearh 234 341 806 1553 
20180810_iphone_green_0028_256.jpg 1 yearh 330 574 819 1255 
20180810_iphone_green_0028_281.jpg 1 yearh 380 619 1063 1287 
20180810_iphone_green_0084_111.jpg 1 yearh 377 706 617 1198 
20180810_iphone_green_0098_321.jpg 1 yearh 452 755 857 1407 
20180810_iphone_green_0069_271.jpg 1 yearh 657 976 990 1574 
20180810_iphone_green_0042_536.jpg 1 yearh 490 636 933 1464 
20180810_iphone_green_0015_226.jpg 1 yearh 276 533 630 1255 
20180810_iphone_green_0042_251.jpg 1 yearh 480 500 869 1276 
20180810_iphone_green_0042_286.jpg 1 yearh 106 428 812 1681 
20180810_iphone_green_0084_306.jpg 1 yearh 502 531 811 1288 
20180810_iphone_green_0098_136.jpg 1 yearh 265 622 675 1600 
20180810_iphone_green_0055_211.jpg 1 yearh 566 426 964 1221 
20180810_iphone_green_0002_501.jpg 1 yearh 150 612 590 1438 
20180810_iphone_green_0015_151.jpg 1 yearh 149 559 846 1694 
20180810_iphone_green_0069_106.jpg 1 yearh 550 681 914 1457 
20180810_iphone_green_0002_461.jpg 1 yearh 157 600 633 1486 
20180810_iphone_green_0015_186.jpg 1 yearh 111 683 466 1317 
20180810_iphone_green_0028_121.jpg 1 yearh 352 738 773 1343 
20180810_iphone_green_0042_331.jpg 1 yearh 221 479 700 1077 
20180810_iphone_green_0015_421.jpg 1 yearh 388 388 766 1286 
20180810_iphone_green_0002_111.jpg 1 yearh 264 631 709 1607 
20180810_iphone_green_0098_66.jpg 1 yearh 342 829 707 1510 
20180810_iphone_green_0028_451.jpg 1 yearh 374 612 1031 1766 
20180810_iphone_green_0028_321.jpg 1 yearh 256 659 906 1697 
20180810_iphone_green_0098_281.jpg 1 yearh 334 260 650 867 
20180810_iphone_green_0055_16.jpg 1 yearh 226 490 626 1221 
20180810_iphone_green_0055_171.jpg 1 yearh 171 319 699 1412 
20180810_iphone_green_0015_386.jpg 1 yearh 242 405 526 1038 
20180810_iphone_green_0069_306.jpg 1 yearh 626 726 871 1171 
20180810_iphone_green_0069_76.jpg 1 yearh 480 774 740 1321 
20180810_iphone_green_0098_256.jpg 1 yearh 428 316 787 1038 
20180810_iphone_green_0015_351.jpg 1 yearh 220 353 706 1412 
20180810_iphone_green_0042_441.jpg 1 yearh 304 310 692 1029 
20180810_iphone_green_0042_26.jpg 1 yearh 126 464 881 1736 
20180810_iphone_green_0002_311.jpg 1 yearh 334 338 987 1547 
20180810_iphone_green_0042_131.jpg 1 yearh 331 616 987 1731 
20180810_iphone_green_0084_61.jpg 1 yearh 240 456 681 1503 
20180810_iphone_green_0002_271.jpg 1 yearh 52 412 646 1581 
20180810_iphone_green_0015_36.jpg 1 yearh 335 428 872 1686 
20180810_iphone_green_0028_241.jpg 1 yearh 128 603 934 1666 
20180810_iphone_green_0084_106.jpg 1 yearh 338 710 580 1212 
20180810_iphone_green_0098_336.jpg 1 yearh 388 886 733 1450 
20180810_iphone_green_0069_266.jpg 1 yearh 652 981 994 1627 
20180810_iphone_green_0042_521.jpg 1 yearh 457 748 966 1674 
20180810_iphone_green_0015_231.jpg 1 yearh 276 500 702 1305 
20180810_iphone_green_0042_246.jpg 1 yearh 478 379 878 1148 
20180810_iphone_green_0042_291.jpg 1 yearh 149 475 868 1709 
20180810_iphone_green_0055_6.jpg 1 yearh 417 552 721 1194 
20180810_iphone_green_0084_311.jpg 1 yearh 521 576 785 1248 
20180810_iphone_green_0098_121.jpg 1 yearh 359 721 720 1437 
20180810_iphone_green_0055_206.jpg 1 yearh 531 441 968 1312 
20180810_iphone_green_0015_146.jpg 1 yearh 104 602 785 1590 
20180810_iphone_green_0069_111.jpg 1 yearh 564 645 961 1474 
20180810_iphone_green_0002_476.jpg 1 yearh 154 740 602 1569 
20180810_iphone_green_0015_191.jpg 1 yearh 138 700 509 1262 
20180810_iphone_green_0028_136.jpg 1 yearh 442 588 923 1379 
20180810_iphone_green_0042_326.jpg 1 yearh 185 457 652 1105 
20180810_iphone_green_0015_436.jpg 1 yearh 371 300 838 1402 
20180810_iphone_green_0002_106.jpg 1 yearh 228 566 693 1609 
20180810_iphone_green_0098_71.jpg 1 yearh 407 824 730 1476 
20180810_iphone_green_0028_446.jpg 1 yearh 246 556 1021 1684 
20180810_iphone_green_0002_116.jpg 1 yearh 302 688 724 1634 
20180810_iphone_green_0098_61.jpg 1 yearh 288 812 685 1564 
20180810_iphone_green_0028_456.jpg 1 yearh 346 575 1080 1744 
20180810_iphone_green_0042_336.jpg 1 yearh 257 502 700 1071 
20180810_iphone_green_0015_426.jpg 1 yearh 369 386 773 1326 
20180810_iphone_green_0002_466.jpg 1 yearh 171 676 630 1529 
20180810_iphone_green_0015_181.jpg 1 yearh 115 662 478 1397 
20180810_iphone_green_0028_126.jpg 1 yearh 444 681 840 1333 
20180810_iphone_green_0015_156.jpg 1 yearh 196 469 862 1659 
20180810_iphone_green_0069_101.jpg 1 yearh 547 707 895 1429 
20180810_iphone_green_0055_216.jpg 1 yearh 535 440 904 1174 
20180810_iphone_green_0002_506.jpg 1 yearh 142 645 607 1476 
20180810_iphone_green_0084_301.jpg 1 yearh 492 474 847 1345 
20180810_iphone_green_0098_131.jpg 1 yearh 323 650 695 1526 
20180810_iphone_green_0042_281.jpg 1 yearh 115 428 802 1644 
20180810_iphone_green_0042_256.jpg 1 yearh 480 536 869 1357 
20180810_iphone_green_0028_286.jpg 1 yearh 371 619 1047 1310 
20180810_iphone_green_0084_116.jpg 1 yearh 461 717 690 1207 
20180810_iphone_green_0098_326.jpg 1 yearh 417 802 790 1397 
20180810_iphone_green_0069_276.jpg 1 yearh 666 931 985 1495 
20180810_iphone_green_0042_531.jpg 1 yearh 502 631 964 1467 
20180810_iphone_green_0015_221.jpg 1 yearh 273 581 588 1250 
20180810_iphone_green_0002_16.jpg 1 yearh 240 366 831 1569 
20180810_iphone_green_0028_251.jpg 1 yearh 264 555 811 1293 
20180810_iphone_green_0084_71.jpg 1 yearh 340 493 759 1483 
20180810_iphone_green_0015_26.jpg 1 yearh 406 466 840 1484 
20180810_iphone_green_0042_121.jpg 1 yearh 424 594 949 1609 
20180810_iphone_green_0042_36.jpg 1 yearh 145 514 917 1868 
20180810_iphone_green_0069_316.jpg 1 yearh 573 605 830 1090 
20180810_iphone_green_0069_66.jpg 1 yearh 426 802 711 1371 
20180810_iphone_green_0098_246.jpg 1 yearh 392 281 783 1029 
20180810_iphone_green_0015_341.jpg 1 yearh 271 357 752 1419 
20180810_iphone_green_0042_451.jpg 1 yearh 371 345 711 1005 
20180810_iphone_green_0028_331.jpg 1 yearh 245 610 866 1610 
20180810_iphone_green_0098_291.jpg 1 yearh 345 283 673 900 
20180810_iphone_green_0055_161.jpg 1 yearh 223 469 640 1279 
20180810_iphone_green_0015_396.jpg 1 yearh 378 317 666 1000 
20180810_iphone_green_0002_101.jpg 1 yearh 174 506 702 1641 
20180810_iphone_green_0098_76.jpg 1 yearh 488 805 761 1438 
20180810_iphone_green_0028_441.jpg 1 yearh 174 559 937 1528 
20180810_iphone_green_0042_321.jpg 1 yearh 157 462 645 1162 
20180810_iphone_green_0015_431.jpg 1 yearh 359 345 796 1353 
20180810_iphone_green_0002_471.jpg 1 yearh 161 717 611 1555 
20180810_iphone_green_0015_196.jpg 1 yearh 180 729 590 1238 
20180810_iphone_green_0028_131.jpg 1 yearh 509 626 909 1343 
20180810_iphone_green_0015_141.jpg 1 yearh 161 602 723 1560 
20180810_iphone_green_0069_116.jpg 1 yearh 571 605 992 1495 
20180810_iphone_green_0055_201.jpg 1 yearh 443 441 887 1409 
20180810_iphone_green_0002_511.jpg 1 yearh 135 667 609 1500 
20180810_iphone_green_0084_316.jpg 1 yearh 532 617 778 1246 
20180810_iphone_green_0098_126.jpg 1 yearh 361 700 704 1471 
20180810_iphone_green_0042_296.jpg 1 yearh 162 459 828 1672 
20180810_iphone_green_0055_1.jpg 1 yearh 475 563 748 1174 
20180810_iphone_green_0042_241.jpg 1 yearh 485 233 888 983 
20180810_iphone_green_0084_101.jpg 1 yearh 302 705 540 1231 
20180810_iphone_green_0098_331.jpg 1 yearh 398 844 744 1435 
20180810_iphone_green_0069_261.jpg 1 yearh 630 936 995 1621 
20180810_iphone_green_0042_526.jpg 1 yearh 476 700 961 1574 
20180810_iphone_green_0015_236.jpg 1 yearh 207 503 733 1369 
20180810_iphone_green_0028_246.jpg 1 yearh 200 550 838 1419 
20180810_iphone_green_0084_66.jpg 1 yearh 285 479 723 1512 
20180810_iphone_green_0002_276.jpg 1 yearh 31 438 634 1600 
20180810_iphone_green_0015_31.jpg 1 yearh 381 450 871 1591 
20180810_iphone_green_0042_136.jpg 1 yearh 281 578 934 1731 
20180810_iphone_green_0042_21.jpg 1 yearh 115 428 862 1638 
20180810_iphone_green_0002_316.jpg 1 yearh 356 334 987 1541 
20180810_iphone_green_0069_301.jpg 1 yearh 645 771 895 1218 
20180810_iphone_green_0069_71.jpg 1 yearh 455 790 725 1335 
20180810_iphone_green_0098_251.jpg 1 yearh 409 283 783 1029 
20180810_iphone_green_0015_356.jpg 1 yearh 204 383 661 1364 
20180810_iphone_green_0028_11.jpg 1 yearh 409 831 1035 1719 
20180810_iphone_green_0042_446.jpg 1 yearh 338 338 711 1017 
20180810_iphone_green_0028_326.jpg 1 yearh 199 622 896 1675 
20180810_iphone_green_0098_286.jpg 1 yearh 340 233 650 850 
20180810_iphone_green_0055_11.jpg 1 yearh 319 523 673 1205 
20180810_iphone_green_0015_381.jpg 1 yearh 183 393 488 1069 
20180810_iphone_green_0055_176.jpg 1 yearh 162 266 715 1384 
