20180810_iphone_green_0016_501.jpg 1 five 333 431 1016 1236 
20180810_iphone_green_0003_336.jpg 1 five 340 388 931 1394 
20180810_iphone_green_0043_116.jpg 1 five 228 546 661 1199 
20180810_iphone_green_0029_306.jpg 1 five 259 366 1034 1391 
20180810_iphone_green_0056_71.jpg 1 five 247 640 928 1526 
20180810_iphone_green_0056_286.jpg 1 five 428 486 850 974 
20180810_iphone_green_0099_271.jpg 1 five 383 574 1004 1302 
20180810_iphone_green_0070_61.jpg 1 five 31 278 993 1341 
20180810_iphone_green_0056_251.jpg 1 five 443 484 880 1044 
20180810_iphone_green_0016_111.jpg 1 five 126 633 702 1419 
20180810_iphone_green_0085_121.jpg 1 five 140 588 804 1252 
20180810_iphone_green_0099_311.jpg 1 five 366 719 733 1221 
20180810_iphone_green_0056_331.jpg 1 five 88 617 830 1426 
20180810_iphone_green_0029_716.jpg 1 five 273 645 885 1493 
20180810_iphone_green_0016_51.jpg 1 five 330 571 926 1319 
20180810_iphone_green_0003_256.jpg 1 five 276 581 888 1367 
20180810_iphone_green_0070_131.jpg 1 five 406 689 958 1244 
20180810_iphone_green_0003_281.jpg 1 five 188 538 995 1507 
20180810_iphone_green_0043_86.jpg 1 five 347 426 845 1048 
20180810_iphone_green_0056_126.jpg 1 five 423 888 795 1388 
20180810_iphone_green_0085_336.jpg 1 five 157 619 850 1414 
20180810_iphone_green_0099_106.jpg 1 five 430 669 909 1360 
20180810_iphone_green_0016_306.jpg 1 five 246 400 1012 1369 
20180810_iphone_green_0003_6.jpg 1 five 123 452 1059 1574 
20180810_iphone_green_0056_456.jpg 1 five 28 588 715 1434 
20180810_iphone_green_0056_481.jpg 1 five 242 643 819 1393 
20180810_iphone_green_0029_501.jpg 1 five 293 534 896 1484 
20180810_iphone_green_0099_1.jpg 1 five 515 773 952 1260 
20180810_iphone_green_0003_71.jpg 1 five 226 502 866 1450 
20180810_iphone_green_0003_121.jpg 1 five 129 382 885 1641 
20180810_iphone_green_0029_461.jpg 1 five 183 555 719 1224 
20180810_iphone_green_0085_256.jpg 1 five 245 515 727 1115 
20180810_iphone_green_0003_451.jpg 1 five 283 538 859 1310 
20180810_iphone_green_0016_266.jpg 1 five 254 455 864 1319 
20180810_iphone_green_0029_111.jpg 1 five 283 733 754 1245 
20180810_iphone_green_0085_281.jpg 1 five 109 490 633 1169 
20180810_iphone_green_0003_321.jpg 1 five 328 544 862 1450 
20180810_iphone_green_0043_101.jpg 1 five 340 452 707 1069 
20180810_iphone_green_0056_66.jpg 1 five 223 629 976 1588 
20180810_iphone_green_0029_311.jpg 1 five 356 369 984 1450 
20180810_iphone_green_0056_291.jpg 1 five 385 512 828 998 
20180810_iphone_green_0099_266.jpg 1 five 326 552 985 1321 
20180810_iphone_green_0056_246.jpg 1 five 414 477 880 1068 
20180810_iphone_green_0099_11.jpg 1 five 452 771 914 1295 
20180810_iphone_green_0016_106.jpg 1 five 121 569 800 1474 
20180810_iphone_green_0099_306.jpg 1 five 405 746 790 1235 
20180810_iphone_green_0056_326.jpg 1 five 145 598 861 1379 
20180810_iphone_green_0016_46.jpg 1 five 276 576 845 1314 
20180810_iphone_green_0003_241.jpg 1 five 309 679 866 1421 
20180810_iphone_green_0070_126.jpg 1 five 450 724 964 1238 
20180810_iphone_green_0003_296.jpg 1 five 266 600 942 1483 
20180810_iphone_green_0043_91.jpg 1 five 347 431 802 1040 
20180810_iphone_green_0056_131.jpg 1 five 421 836 804 1350 
20180810_iphone_green_0085_321.jpg 1 five 150 500 864 1338 
20180810_iphone_green_0099_111.jpg 1 five 445 636 873 1298 
20180810_iphone_green_0016_311.jpg 1 five 283 379 1000 1271 
20180810_iphone_green_0043_46.jpg 1 five 59 319 1080 1481 
20180810_iphone_green_0056_496.jpg 1 five 311 695 859 1407 
20180810_iphone_green_0043_316.jpg 1 five 288 462 733 1055 
20180810_iphone_green_0070_251.jpg 1 five 476 214 1050 840 
20180810_iphone_green_0003_66.jpg 1 five 221 519 871 1456 
20180810_iphone_green_0003_136.jpg 1 five 316 490 938 1495 
20180810_iphone_green_0029_476.jpg 1 five 97 590 840 1398 
20180810_iphone_green_0085_241.jpg 1 five 371 555 850 1126 
20180810_iphone_green_0003_446.jpg 1 five 295 545 871 1317 
20180810_iphone_green_0016_271.jpg 1 five 174 456 871 1425 
20180810_iphone_green_0029_106.jpg 1 five 283 686 735 1188 
20180810_iphone_green_0085_296.jpg 1 five 76 467 700 1240 
20180810_iphone_green_0003_456.jpg 1 five 283 552 869 1336 
20180810_iphone_green_0016_261.jpg 1 five 257 450 807 1271 
20180810_iphone_green_0085_11.jpg 1 five 92 619 811 1314 
20180810_iphone_green_0029_116.jpg 1 five 290 740 787 1281 
20180810_iphone_green_0085_286.jpg 1 five 116 464 676 1176 
20180810_iphone_green_0085_251.jpg 1 five 311 538 788 1126 
20180810_iphone_green_0003_76.jpg 1 five 228 481 859 1453 
20180810_iphone_green_0003_126.jpg 1 five 184 397 909 1591 
20180810_iphone_green_0029_466.jpg 1 five 109 571 742 1263 
20180810_iphone_green_0099_6.jpg 1 five 509 781 957 1279 
20180810_iphone_green_0056_486.jpg 1 five 278 655 840 1383 
20180810_iphone_green_0029_506.jpg 1 five 49 509 778 1359 
20180810_iphone_green_0056_451.jpg 1 five 28 643 697 1483 
20180810_iphone_green_0016_301.jpg 1 five 161 462 918 1503 
20180810_iphone_green_0003_1.jpg 1 five 118 444 1065 1584 
20180810_iphone_green_0043_81.jpg 1 five 321 429 871 1062 
20180810_iphone_green_0056_121.jpg 1 five 435 914 795 1414 
20180810_iphone_green_0085_331.jpg 1 five 169 595 857 1395 
20180810_iphone_green_0099_101.jpg 1 five 464 717 1009 1412 
20180810_iphone_green_0016_81.jpg 1 five 104 557 902 1552 
20180810_iphone_green_0070_136.jpg 1 five 354 645 961 1257 
20180810_iphone_green_0003_286.jpg 1 five 219 571 997 1519 
20180810_iphone_green_0029_711.jpg 1 five 230 657 878 1505 
20180810_iphone_green_0016_56.jpg 1 five 392 581 997 1350 
20180810_iphone_green_0003_251.jpg 1 five 297 633 880 1388 
20180810_iphone_green_0085_126.jpg 1 five 83 521 790 1248 
20180810_iphone_green_0099_316.jpg 1 five 319 687 667 1216 
20180810_iphone_green_0029_261.jpg 1 five 200 424 800 1179 
20180810_iphone_green_0016_116.jpg 1 five 147 695 630 1412 
20180810_iphone_green_0099_276.jpg 1 five 433 619 1002 1286 
20180810_iphone_green_0070_66.jpg 1 five 162 281 1080 1291 
20180810_iphone_green_0056_256.jpg 1 five 471 493 883 1029 
20180810_iphone_green_0056_76.jpg 1 five 288 645 873 1436 
20180810_iphone_green_0029_301.jpg 1 five 162 400 940 1341 
20180810_iphone_green_0056_281.jpg 1 five 464 493 876 971 
20180810_iphone_green_0043_111.jpg 1 five 297 519 635 1143 
20180810_iphone_green_0003_331.jpg 1 five 359 452 919 1419 
20180810_iphone_green_0003_441.jpg 1 five 304 545 878 1326 
20180810_iphone_green_0016_276.jpg 1 five 112 491 871 1522 
20180810_iphone_green_0029_101.jpg 1 five 316 614 783 1150 
20180810_iphone_green_0085_291.jpg 1 five 121 450 711 1202 
20180810_iphone_green_0085_246.jpg 1 five 352 560 823 1133 
20180810_iphone_green_0003_61.jpg 1 five 219 536 873 1455 
20180810_iphone_green_0003_131.jpg 1 five 246 425 931 1547 
20180810_iphone_green_0029_471.jpg 1 five 66 593 761 1329 
20180810_iphone_green_0070_256.jpg 1 five 435 79 978 667 
20180810_iphone_green_0056_491.jpg 1 five 295 657 845 1381 
20180810_iphone_green_0056_446.jpg 1 five 61 688 680 1507 
20180810_iphone_green_0016_316.jpg 1 five 304 374 959 1200 
20180810_iphone_green_0043_96.jpg 1 five 338 440 759 1055 
20180810_iphone_green_0056_136.jpg 1 five 444 796 846 1328 
20180810_iphone_green_0085_326.jpg 1 five 164 555 859 1374 
20180810_iphone_green_0099_116.jpg 1 five 425 604 815 1265 
20180810_iphone_green_0085_441.jpg 1 five 392 650 807 1210 
20180810_iphone_green_0070_121.jpg 1 five 483 748 961 1238 
20180810_iphone_green_0003_291.jpg 1 five 256 591 974 1506 
20180810_iphone_green_0029_706.jpg 1 five 71 702 835 1529 
20180810_iphone_green_0016_41.jpg 1 five 259 581 816 1295 
20180810_iphone_green_0003_246.jpg 1 five 304 667 873 1414 
20180810_iphone_green_0099_301.jpg 1 five 480 757 907 1247 
20180810_iphone_green_0056_321.jpg 1 five 195 588 888 1331 
20180810_iphone_green_0029_276.jpg 1 five 271 398 785 1117 
20180810_iphone_green_0099_16.jpg 1 five 375 781 832 1344 
20180810_iphone_green_0016_101.jpg 1 five 84 513 874 1506 
20180810_iphone_green_0099_261.jpg 1 five 295 557 997 1369 
20180810_iphone_green_0056_241.jpg 1 five 385 488 883 1124 
20180810_iphone_green_0029_316.jpg 1 five 212 344 971 1416 
20180810_iphone_green_0056_61.jpg 1 five 196 606 1021 1628 
20180810_iphone_green_0056_296.jpg 1 five 352 546 817 1048 
20180810_iphone_green_0043_106.jpg 1 five 323 483 661 1102 
20180810_iphone_green_0003_326.jpg 1 five 350 512 895 1436 
20180810_iphone_green_0003_341.jpg 1 five 328 326 945 1388 
20180810_iphone_green_0029_371.jpg 1 five 178 790 750 1357 
20180810_iphone_green_0070_16.jpg 1 five 323 512 911 1112 
20180810_iphone_green_0056_226.jpg 1 five 366 505 947 1243 
20180810_iphone_green_0029_211.jpg 1 five 140 469 714 1117 
20180810_iphone_green_0085_6.jpg 1 five 150 619 816 1271 
20180810_iphone_green_0056_391.jpg 1 five 369 421 656 971 
20180810_iphone_green_0056_346.jpg 1 five 111 693 783 1500 
20180810_iphone_green_0016_26.jpg 1 five 214 619 771 1424 
20180810_iphone_green_0070_191.jpg 1 five 109 488 971 1475 
20180810_iphone_green_0016_416.jpg 1 five 169 431 811 1190 
20180810_iphone_green_0003_221.jpg 1 five 307 588 992 1471 
20180810_iphone_green_0070_146.jpg 1 five 247 619 976 1336 
20180810_iphone_green_0085_426.jpg 1 five 351 456 829 1084 
20180810_iphone_green_0056_151.jpg 1 five 438 710 876 1333 
20180810_iphone_green_0085_341.jpg 1 five 154 626 850 1417 
20180810_iphone_green_0099_171.jpg 1 five 430 750 904 1300 
20180810_iphone_green_0016_371.jpg 1 five 49 353 978 1478 
20180810_iphone_green_0056_186.jpg 1 five 196 622 834 1612 
20180810_iphone_green_0085_396.jpg 1 five 235 410 854 1186 
20180810_iphone_green_0043_216.jpg 1 five 159 283 661 976 
20180810_iphone_green_0043_1.jpg 1 five 119 558 767 1263 
20180810_iphone_green_0029_576.jpg 1 five 68 338 949 1356 
20180810_iphone_green_0003_181.jpg 1 five 215 672 837 1503 
20180810_iphone_green_0003_156.jpg 1 five 357 667 847 1440 
20180810_iphone_green_0085_221.jpg 1 five 355 508 882 1092 
20180810_iphone_green_0016_211.jpg 1 five 328 529 838 1262 
20180810_iphone_green_0003_426.jpg 1 five 404 648 1035 1440 
20180810_iphone_green_0029_166.jpg 1 five 226 493 950 1321 
20180810_iphone_green_0003_356.jpg 1 five 419 340 1069 1398 
20180810_iphone_green_0003_381.jpg 1 five 345 467 959 1481 
20180810_iphone_green_0056_11.jpg 1 five 283 650 795 1307 
20180810_iphone_green_0029_366.jpg 1 five 247 805 752 1355 
20180810_iphone_green_0056_231.jpg 1 five 380 500 938 1204 
20180810_iphone_green_0029_206.jpg 1 five 114 524 650 1069 
20180810_iphone_green_0085_196.jpg 1 five 314 588 900 1233 
20180810_iphone_green_0016_171.jpg 1 five 204 576 911 1479 
20180810_iphone_green_0056_386.jpg 1 five 400 448 707 1036 
20180810_iphone_green_0056_351.jpg 1 five 166 679 785 1483 
20180810_iphone_green_0016_31.jpg 1 five 276 645 795 1393 
20180810_iphone_green_0070_186.jpg 1 five 102 488 959 1444 
20180810_iphone_green_0016_401.jpg 1 five 204 417 883 1236 
20180810_iphone_green_0003_236.jpg 1 five 342 667 921 1421 
20180810_iphone_green_0070_151.jpg 1 five 192 602 983 1374 
20180810_iphone_green_0085_431.jpg 1 five 364 560 819 1145 
20180810_iphone_green_0056_146.jpg 1 five 464 714 888 1298 
20180810_iphone_green_0085_356.jpg 1 five 21 560 735 1381 
20180810_iphone_green_0099_166.jpg 1 five 446 761 897 1310 
20180810_iphone_green_0056_191.jpg 1 five 245 588 876 1581 
20180810_iphone_green_0016_366.jpg 1 five 59 338 949 1397 
20180810_iphone_green_0043_201.jpg 1 five 190 350 621 1038 
20180810_iphone_green_0003_196.jpg 1 five 106 572 815 1519 
20180810_iphone_green_0003_141.jpg 1 five 366 564 938 1474 
20180810_iphone_green_0003_11.jpg 1 five 118 450 1034 1556 
20180810_iphone_green_0085_236.jpg 1 five 397 545 873 1117 
20180810_iphone_green_0016_206.jpg 1 five 280 469 857 1281 
20180810_iphone_green_0003_431.jpg 1 five 373 596 990 1387 
20180810_iphone_green_0029_171.jpg 1 five 276 507 897 1274 
20180810_iphone_green_0016_216.jpg 1 five 385 590 830 1274 
20180810_iphone_green_0003_421.jpg 1 five 426 726 1059 1514 
20180810_iphone_green_0029_161.jpg 1 five 128 528 940 1344 
20180810_iphone_green_0085_226.jpg 1 five 400 521 909 1100 
20180810_iphone_green_0003_151.jpg 1 five 383 645 883 1450 
20180810_iphone_green_0029_411.jpg 1 five 178 383 928 1398 
20180810_iphone_green_0003_186.jpg 1 five 188 657 840 1517 
20180810_iphone_green_0043_6.jpg 1 five 121 560 802 1288 
20180810_iphone_green_0043_211.jpg 1 five 211 314 645 976 
20180810_iphone_green_0056_181.jpg 1 five 181 678 806 1619 
20180810_iphone_green_0016_376.jpg 1 five 56 397 974 1503 
20180810_iphone_green_0056_156.jpg 1 five 378 743 850 1414 
20180810_iphone_green_0085_346.jpg 1 five 128 617 835 1436 
20180810_iphone_green_0099_176.jpg 1 five 409 714 914 1283 
20180810_iphone_green_0070_141.jpg 1 five 295 624 966 1286 
20180810_iphone_green_0085_421.jpg 1 five 328 348 831 1017 
20180810_iphone_green_0016_21.jpg 1 five 147 531 766 1414 
20180810_iphone_green_0070_196.jpg 1 five 128 491 996 1497 
20180810_iphone_green_0016_411.jpg 1 five 180 445 828 1190 
20180810_iphone_green_0003_226.jpg 1 five 323 595 988 1443 
20180810_iphone_green_0029_216.jpg 1 five 178 467 776 1212 
20180810_iphone_green_0099_76.jpg 1 five 171 447 1021 1531 
20180810_iphone_green_0056_396.jpg 1 five 328 424 623 948 
20180810_iphone_green_0085_1.jpg 1 five 185 631 819 1257 
20180810_iphone_green_0070_11.jpg 1 five 373 552 919 1100 
20180810_iphone_green_0099_201.jpg 1 five 152 619 692 1352 
20180810_iphone_green_0056_221.jpg 1 five 371 510 970 1291 
20180810_iphone_green_0029_376.jpg 1 five 123 743 742 1345 
20180810_iphone_green_0003_391.jpg 1 five 333 676 1030 1617 
20180810_iphone_green_0003_346.jpg 1 five 346 291 981 1359 
20180810_iphone_green_0016_201.jpg 1 five 238 440 890 1326 
20180810_iphone_green_0003_436.jpg 1 five 338 569 923 1343 
20180810_iphone_green_0029_176.jpg 1 five 266 483 800 1198 
20180810_iphone_green_0085_231.jpg 1 five 408 534 898 1100 
20180810_iphone_green_0003_146.jpg 1 five 392 612 923 1457 
20180810_iphone_green_0003_16.jpg 1 five 124 422 1016 1511 
20180810_iphone_green_0029_406.jpg 1 five 400 336 985 1388 
20180810_iphone_green_0003_191.jpg 1 five 140 602 819 1507 
20180810_iphone_green_0070_221.jpg 1 five 176 481 1042 1479 
20180810_iphone_green_0043_206.jpg 1 five 240 336 628 990 
20180810_iphone_green_0016_361.jpg 1 five 62 316 899 1306 
20180810_iphone_green_0056_196.jpg 1 five 280 552 900 1571 
20180810_iphone_green_0056_141.jpg 1 five 461 752 871 1307 
20180810_iphone_green_0085_351.jpg 1 five 56 575 768 1400 
20180810_iphone_green_0099_161.jpg 1 five 454 771 902 1310 
20180810_iphone_green_0070_156.jpg 1 five 150 590 985 1400 
20180810_iphone_green_0085_436.jpg 1 five 372 623 806 1189 
20180810_iphone_green_0016_36.jpg 1 five 257 614 785 1343 
20180810_iphone_green_0070_181.jpg 1 five 106 509 971 1453 
20180810_iphone_green_0016_406.jpg 1 five 190 443 864 1217 
20180810_iphone_green_0003_231.jpg 1 five 338 624 959 1436 
20180810_iphone_green_0056_356.jpg 1 five 240 633 785 1433 
20180810_iphone_green_0029_201.jpg 1 five 108 523 611 1045 
20180810_iphone_green_0085_191.jpg 1 five 290 607 930 1286 
20180810_iphone_green_0056_381.jpg 1 five 405 474 735 1079 
20180810_iphone_green_0016_176.jpg 1 five 145 540 890 1550 
20180810_iphone_green_0043_401.jpg 1 five 166 510 945 1364 
20180810_iphone_green_0056_236.jpg 1 five 376 498 904 1167 
20180810_iphone_green_0029_361.jpg 1 five 340 786 730 1324 
20180810_iphone_green_0056_16.jpg 1 five 207 652 783 1400 
20180810_iphone_green_0003_386.jpg 1 five 300 607 921 1555 
20180810_iphone_green_0003_351.jpg 1 five 412 312 1052 1375 
20180810_iphone_green_0029_146.jpg 1 five 87 550 940 1453 
20180810_iphone_green_0003_406.jpg 1 five 414 700 1066 1526 
20180810_iphone_green_0085_201.jpg 1 five 309 552 866 1181 
20180810_iphone_green_0029_191.jpg 1 five 123 471 640 1048 
20180810_iphone_green_0085_96.jpg 1 five 300 767 823 1317 
20180810_iphone_green_0029_436.jpg 1 five 78 567 645 1243 
20180810_iphone_green_0003_26.jpg 1 five 165 441 1012 1475 
20180810_iphone_green_0070_6.jpg 1 five 421 569 938 1081 
20180810_iphone_green_0003_176.jpg 1 five 240 690 838 1498 
20180810_iphone_green_0070_211.jpg 1 five 169 493 1028 1498 
20180810_iphone_green_0029_556.jpg 1 five 61 388 883 1367 
20180810_iphone_green_0029_36.jpg 1 five 90 419 842 1279 
20180810_iphone_green_0029_581.jpg 1 five 183 371 895 1326 
20180810_iphone_green_0056_401.jpg 1 five 285 443 580 969 
20180810_iphone_green_0099_186.jpg 1 five 345 707 850 1329 
20180810_iphone_green_0016_351.jpg 1 five 90 380 785 1210 
20180810_iphone_green_0099_151.jpg 1 five 502 721 895 1276 
20180810_iphone_green_0016_386.jpg 1 five 150 440 945 1443 
20180810_iphone_green_0056_171.jpg 1 five 204 838 778 1674 
20180810_iphone_green_0085_406.jpg 1 five 300 236 871 981 
20180810_iphone_green_0070_166.jpg 1 five 126 586 997 1450 
20180810_iphone_green_0003_201.jpg 1 five 133 593 857 1545 
20180810_iphone_green_0016_436.jpg 1 five 119 433 880 1310 
20180810_iphone_green_0056_366.jpg 1 five 316 531 764 1283 
20180810_iphone_green_0016_191.jpg 1 five 124 425 950 1497 
20180810_iphone_green_0016_146.jpg 1 five 223 640 797 1288 
20180810_iphone_green_0029_231.jpg 1 five 173 474 900 1424 
20180810_iphone_green_0056_206.jpg 1 five 350 517 952 1462 
20180810_iphone_green_0029_386.jpg 1 five 174 491 849 1266 
20180810_iphone_green_0070_36.jpg 1 five 78 502 900 1362 
20180810_iphone_green_0029_351.jpg 1 five 330 683 754 1243 
20180810_iphone_green_0056_26.jpg 1 five 88 607 814 1517 
20180810_iphone_green_0003_361.jpg 1 five 392 360 1040 1419 
20180810_iphone_green_0043_196.jpg 1 five 109 376 623 1114 
20180810_iphone_green_0029_621.jpg 1 five 97 490 880 1471 
20180810_iphone_green_0029_151.jpg 1 five 24 559 919 1452 
20180810_iphone_green_0003_411.jpg 1 five 414 712 1047 1514 
20180810_iphone_green_0085_216.jpg 1 five 328 502 842 1093 
20180810_iphone_green_0029_186.jpg 1 five 176 462 688 1086 
20180810_iphone_green_0085_81.jpg 1 five 283 738 919 1386 
20180810_iphone_green_0003_31.jpg 1 five 202 456 1024 1456 
20180810_iphone_green_0056_6.jpg 1 five 359 631 828 1233 
20180810_iphone_green_0003_161.jpg 1 five 347 700 857 1474 
20180810_iphone_green_0043_396.jpg 1 five 106 500 931 1394 
20180810_iphone_green_0070_206.jpg 1 five 162 503 1024 1509 
20180810_iphone_green_0029_541.jpg 1 five 438 550 778 1295 
20180810_iphone_green_0029_596.jpg 1 five 185 488 650 1260 
20180810_iphone_green_0056_416.jpg 1 five 88 455 467 1032 
20180810_iphone_green_0043_221.jpg 1 five 126 281 685 986 
20180810_iphone_green_0099_191.jpg 1 five 295 707 802 1343 
20180810_iphone_green_0016_346.jpg 1 five 121 390 780 1193 
20180810_iphone_green_0043_11.jpg 1 five 119 543 876 1321 
20180810_iphone_green_0099_146.jpg 1 five 509 660 888 1233 
20180810_iphone_green_0056_166.jpg 1 five 257 848 804 1643 
20180810_iphone_green_0016_391.jpg 1 five 204 448 926 1367 
20180810_iphone_green_0085_411.jpg 1 five 304 198 852 931 
20180810_iphone_green_0070_171.jpg 1 five 95 540 976 1445 
20180810_iphone_green_0003_216.jpg 1 five 254 586 983 1512 
20180810_iphone_green_0016_421.jpg 1 five 157 433 809 1193 
20180810_iphone_green_0016_11.jpg 1 five 62 416 787 1375 
20180810_iphone_green_0016_186.jpg 1 five 102 447 971 1562 
20180810_iphone_green_0056_371.jpg 1 five 350 519 752 1207 
20180810_iphone_green_0016_151.jpg 1 five 214 645 823 1302 
20180810_iphone_green_0029_226.jpg 1 five 214 474 866 1400 
20180810_iphone_green_0056_211.jpg 1 five 357 514 961 1414 
20180810_iphone_green_0029_391.jpg 1 five 323 348 983 1240 
20180810_iphone_green_0070_21.jpg 1 five 253 488 903 1154 
20180810_iphone_green_0029_346.jpg 1 five 316 607 771 1233 
20180810_iphone_green_0003_376.jpg 1 five 356 425 974 1462 
20180810_iphone_green_0043_191.jpg 1 five 18 395 619 1198 
20180810_iphone_green_0003_366.jpg 1 five 371 362 1010 1410 
20180810_iphone_green_0029_626.jpg 1 five 174 462 902 1447 
20180810_iphone_green_0056_21.jpg 1 five 147 645 800 1462 
20180810_iphone_green_0029_356.jpg 1 five 345 745 738 1281 
20180810_iphone_green_0056_201.jpg 1 five 324 534 928 1528 
20180810_iphone_green_0029_381.jpg 1 five 107 643 759 1314 
20180810_iphone_green_0070_31.jpg 1 five 114 483 888 1290 
20180810_iphone_green_0016_141.jpg 1 five 250 656 777 1296 
20180810_iphone_green_0029_236.jpg 1 five 23 481 885 1421 
20180810_iphone_green_0016_196.jpg 1 five 173 424 919 1407 
20180810_iphone_green_0056_361.jpg 1 five 290 576 769 1352 
20180810_iphone_green_0003_206.jpg 1 five 171 603 902 1572 
20180810_iphone_green_0016_431.jpg 1 five 140 448 835 1269 
20180810_iphone_green_0085_401.jpg 1 five 283 305 880 1081 
20180810_iphone_green_0070_161.jpg 1 five 140 612 997 1448 
20180810_iphone_green_0099_156.jpg 1 five 487 756 911 1298 
20180810_iphone_green_0056_176.jpg 1 five 164 764 776 1662 
20180810_iphone_green_0016_381.jpg 1 five 96 419 965 1497 
20180810_iphone_green_0099_181.jpg 1 five 392 702 904 1300 
20180810_iphone_green_0016_356.jpg 1 five 68 344 828 1244 
20180810_iphone_green_0029_31.jpg 1 five 192 498 888 1307 
20180810_iphone_green_0029_586.jpg 1 five 261 426 778 1281 
20180810_iphone_green_0056_406.jpg 1 five 238 453 550 1000 
20180810_iphone_green_0043_231.jpg 1 five 57 286 719 1081 
20180810_iphone_green_0029_551.jpg 1 five 252 459 862 1388 
20180810_iphone_green_0070_216.jpg 1 five 171 506 1037 1491 
20180810_iphone_green_0003_21.jpg 1 five 128 412 1009 1494 
20180810_iphone_green_0070_1.jpg 1 five 452 576 950 1067 
20180810_iphone_green_0003_171.jpg 1 five 288 714 854 1505 
20180810_iphone_green_0043_386.jpg 1 five 24 488 918 1462 
20180810_iphone_green_0085_206.jpg 1 five 302 529 852 1143 
20180810_iphone_green_0029_196.jpg 1 five 121 498 617 1026 
20180810_iphone_green_0085_91.jpg 1 five 292 755 838 1312 
20180810_iphone_green_0029_141.jpg 1 five 240 581 995 1462 
20180810_iphone_green_0003_371.jpg 1 five 359 369 990 1434 
20180810_iphone_green_0029_631.jpg 1 five 87 478 896 1466 
20180810_iphone_green_0029_341.jpg 1 five 300 540 807 1214 
20180810_iphone_green_0056_216.jpg 1 five 364 507 973 1350 
20180810_iphone_green_0070_26.jpg 1 five 183 471 897 1205 
20180810_iphone_green_0016_156.jpg 1 five 245 602 795 1321 
20180810_iphone_green_0029_221.jpg 1 five 209 481 816 1326 
20180810_iphone_green_0056_376.jpg 1 five 371 502 747 1150 
20180810_iphone_green_0016_181.jpg 1 five 109 500 931 1591 
20180810_iphone_green_0003_211.jpg 1 five 207 602 954 1557 
20180810_iphone_green_0016_426.jpg 1 five 145 450 809 1212 
20180810_iphone_green_0016_16.jpg 1 five 97 460 771 1386 
20180810_iphone_green_0085_416.jpg 1 five 307 236 842 943 
20180810_iphone_green_0070_176.jpg 1 five 100 524 973 1460 
20180810_iphone_green_0099_141.jpg 1 five 509 598 876 1190 
20180810_iphone_green_0016_396.jpg 1 five 214 426 895 1281 
20180810_iphone_green_0056_161.jpg 1 five 326 802 828 1543 
20180810_iphone_green_0099_196.jpg 1 five 259 650 778 1324 
20180810_iphone_green_0016_341.jpg 1 five 180 414 792 1164 
20180810_iphone_green_0043_16.jpg 1 five 75 525 934 1394 
20180810_iphone_green_0029_26.jpg 1 five 314 486 1023 1262 
20180810_iphone_green_0029_591.jpg 1 five 269 479 669 1276 
20180810_iphone_green_0056_411.jpg 1 five 175 460 513 1005 
20180810_iphone_green_0043_226.jpg 1 five 102 298 704 1025 
20180810_iphone_green_0029_546.jpg 1 five 416 533 797 1357 
20180810_iphone_green_0070_201.jpg 1 five 140 503 1002 1512 
20180810_iphone_green_0003_36.jpg 1 five 235 486 1026 1448 
20180810_iphone_green_0056_1.jpg 1 five 404 619 826 1164 
20180810_iphone_green_0043_391.jpg 1 five 59 491 921 1425 
20180810_iphone_green_0003_166.jpg 1 five 321 717 854 1495 
20180810_iphone_green_0085_211.jpg 1 five 316 510 842 1114 
20180810_iphone_green_0029_181.jpg 1 five 240 455 714 1131 
20180810_iphone_green_0085_86.jpg 1 five 280 738 859 1329 
20180810_iphone_green_0029_156.jpg 1 five 40 550 918 1400 
20180810_iphone_green_0003_416.jpg 1 five 426 748 1057 1538 
20180810_iphone_green_0029_131.jpg 1 five 323 596 914 1361 
20180810_iphone_green_0016_246.jpg 1 five 197 345 761 1117 
20180810_iphone_green_0085_276.jpg 1 five 125 525 642 1173 
20180810_iphone_green_0029_441.jpg 1 five 223 564 645 1226 
20180810_iphone_green_0003_101.jpg 1 five 199 453 880 1579 
20180810_iphone_green_0003_51.jpg 1 five 223 517 926 1433 
20180810_iphone_green_0070_266.jpg 1 five 508 295 975 792 
20180810_iphone_green_0003_86.jpg 1 five 226 452 854 1495 
20180810_iphone_green_0043_321.jpg 1 five 202 483 707 1083 
20180810_iphone_green_0029_96.jpg 1 five 385 576 878 1157 
20180810_iphone_green_0029_521.jpg 1 five 57 586 633 1202 
20180810_iphone_green_0029_41.jpg 1 five 59 290 842 1195 
20180810_iphone_green_0056_476.jpg 1 five 185 624 783 1405 
20180810_iphone_green_0043_71.jpg 1 five 190 426 859 1129 
20180810_iphone_green_0016_326.jpg 1 five 315 377 857 1136 
20180810_iphone_green_0099_126.jpg 1 five 409 612 759 1238 
20180810_iphone_green_0085_316.jpg 1 five 150 462 866 1319 
20180810_iphone_green_0056_106.jpg 1 five 442 879 759 1357 
20180810_iphone_green_0016_496.jpg 1 five 295 436 988 1236 
20180810_iphone_green_0070_111.jpg 1 five 538 776 980 1226 
20180810_iphone_green_0016_441.jpg 1 five 87 431 909 1378 
20180810_iphone_green_0003_276.jpg 1 five 174 506 981 1497 
20180810_iphone_green_0016_71.jpg 1 five 259 621 938 1452 
20180810_iphone_green_0056_311.jpg 1 five 266 598 852 1219 
20180810_iphone_green_0099_331.jpg 1 five 211 571 602 1245 
20180810_iphone_green_0085_101.jpg 1 five 296 774 818 1315 
20180810_iphone_green_0029_291.jpg 1 five 159 414 835 1214 
20180810_iphone_green_0016_131.jpg 1 five 330 688 719 1331 
20180810_iphone_green_0099_26.jpg 1 five 230 702 854 1426 
20180810_iphone_green_0056_271.jpg 1 five 509 510 903 992 
20180810_iphone_green_0056_86.jpg 1 five 350 679 773 1312 
20180810_iphone_green_0070_41.jpg 1 five 57 486 919 1395 
20180810_iphone_green_0099_286.jpg 1 five 535 710 1026 1281 
20180810_iphone_green_0070_96.jpg 1 five 528 738 1002 1224 
20180810_iphone_green_0029_326.jpg 1 five 71 405 871 1300 
20180810_iphone_green_0056_51.jpg 1 five 80 560 1004 1648 
20180810_iphone_green_0029_681.jpg 1 five 33 500 807 1471 
20180810_iphone_green_0029_656.jpg 1 five 181 509 931 1534 
20180810_iphone_green_0029_126.jpg 1 five 307 617 876 1307 
20180810_iphone_green_0016_251.jpg 1 five 192 390 742 1169 
20180810_iphone_green_0016_1.jpg 1 five 106 366 846 1344 
20180810_iphone_green_0003_466.jpg 1 five 283 576 892 1381 
20180810_iphone_green_0085_261.jpg 1 five 186 506 677 1117 
20180810_iphone_green_0016_286.jpg 1 five 9 541 846 1706 
20180810_iphone_green_0029_456.jpg 1 five 246 570 690 1198 
20180810_iphone_green_0003_116.jpg 1 five 117 373 885 1659 
20180810_iphone_green_0003_46.jpg 1 five 231 506 965 1438 
20180810_iphone_green_0070_271.jpg 1 five 550 395 1007 879 
20180810_iphone_green_0029_481.jpg 1 five 171 524 964 1448 
20180810_iphone_green_0003_91.jpg 1 five 228 466 874 1513 
20180810_iphone_green_0029_536.jpg 1 five 392 517 776 1212 
20180810_iphone_green_0043_66.jpg 1 five 130 400 866 1179 
20180810_iphone_green_0016_331.jpg 1 five 304 395 790 1126 
20180810_iphone_green_0099_131.jpg 1 five 423 607 766 1219 
20180810_iphone_green_0085_301.jpg 1 five 69 443 738 1269 
20180810_iphone_green_0056_111.jpg 1 five 440 905 783 1395 
20180810_iphone_green_0016_481.jpg 1 five 195 469 1002 1352 
20180810_iphone_green_0070_106.jpg 1 five 550 769 992 1229 
20180810_iphone_green_0003_261.jpg 1 five 238 526 892 1371 
20180810_iphone_green_0016_66.jpg 1 five 328 629 969 1402 
20180810_iphone_green_0056_306.jpg 1 five 297 600 830 1171 
20180810_iphone_green_0099_326.jpg 1 five 221 619 607 1219 
20180810_iphone_green_0085_116.jpg 1 five 183 645 800 1271 
20180810_iphone_green_0029_286.jpg 1 five 178 386 835 1171 
20180810_iphone_green_0016_126.jpg 1 five 292 674 690 1329 
20180810_iphone_green_0029_251.jpg 1 five 59 457 830 1257 
20180810_iphone_green_0099_31.jpg 1 five 192 617 930 1457 
20180810_iphone_green_0056_266.jpg 1 five 507 507 900 1002 
20180810_iphone_green_0056_91.jpg 1 five 372 708 743 1279 
20180810_iphone_green_0099_291.jpg 1 five 530 750 1009 1269 
20180810_iphone_green_0056_46.jpg 1 five 21 559 994 1654 
20180810_iphone_green_0029_331.jpg 1 five 123 448 850 1260 
20180810_iphone_green_0043_121.jpg 1 five 150 567 683 1255 
20180810_iphone_green_0003_301.jpg 1 five 276 607 888 1493 
20180810_iphone_green_0003_311.jpg 1 five 330 638 888 1512 
20180810_iphone_green_0029_651.jpg 1 five 131 525 1006 1550 
20180810_iphone_green_0043_131.jpg 1 five 14 560 766 1405 
20180810_iphone_green_0029_686.jpg 1 five 73 481 790 1455 
20180810_iphone_green_0099_281.jpg 1 five 504 662 1030 1276 
20180810_iphone_green_0070_91.jpg 1 five 495 698 1000 1215 
20180810_iphone_green_0056_56.jpg 1 five 159 578 1034 1644 
20180810_iphone_green_0029_321.jpg 1 five 59 356 921 1356 
20180810_iphone_green_0056_276.jpg 1 five 495 507 895 986 
20180810_iphone_green_0056_81.jpg 1 five 316 660 814 1362 
20180810_iphone_green_0099_256.jpg 1 five 311 519 1047 1400 
20180810_iphone_green_0016_136.jpg 1 five 297 686 750 1317 
20180810_iphone_green_0099_21.jpg 1 five 295 764 809 1390 
20180810_iphone_green_0056_316.jpg 1 five 238 598 876 1271 
20180810_iphone_green_0099_336.jpg 1 five 147 569 592 1307 
20180810_iphone_green_0085_106.jpg 1 five 288 747 822 1305 
20180810_iphone_green_0029_296.jpg 1 five 161 421 866 1281 
20180810_iphone_green_0003_271.jpg 1 five 171 490 942 1452 
20180810_iphone_green_0016_76.jpg 1 five 190 576 890 1507 
20180810_iphone_green_0016_491.jpg 1 five 272 439 999 1259 
20180810_iphone_green_0070_116.jpg 1 five 511 767 969 1233 
20180810_iphone_green_0099_121.jpg 1 five 426 602 788 1238 
20180810_iphone_green_0085_311.jpg 1 five 109 445 830 1310 
20180810_iphone_green_0056_101.jpg 1 five 423 819 742 1329 
20180810_iphone_green_0043_76.jpg 1 five 257 436 871 1093 
20180810_iphone_green_0016_321.jpg 1 five 307 369 911 1164 
20180810_iphone_green_0029_46.jpg 1 five 138 224 966 1198 
20180810_iphone_green_0056_471.jpg 1 five 114 600 742 1398 
20180810_iphone_green_0029_91.jpg 1 five 480 557 919 1186 
20180810_iphone_green_0029_526.jpg 1 five 137 560 675 1169 
20180810_iphone_green_0043_291.jpg 1 five 52 510 566 1212 
20180810_iphone_green_0070_261.jpg 1 five 454 157 954 702 
20180810_iphone_green_0003_81.jpg 1 five 221 456 846 1469 
20180810_iphone_green_0043_326.jpg 1 five 121 502 666 1124 
20180810_iphone_green_0029_446.jpg 1 five 307 586 630 1207 
20180810_iphone_green_0003_106.jpg 1 five 162 406 884 1609 
20180810_iphone_green_0003_56.jpg 1 five 221 531 909 1438 
20180810_iphone_green_0085_271.jpg 1 five 135 531 638 1150 
20180810_iphone_green_0029_136.jpg 1 five 307 586 957 1414 
20180810_iphone_green_0016_241.jpg 1 five 271 333 792 1083 
20180810_iphone_green_0003_306.jpg 1 five 333 652 900 1521 
20180810_iphone_green_0016_531.jpg 1 five 116 293 969 1217 
20180810_iphone_green_0043_126.jpg 1 five 88 571 726 1336 
20180810_iphone_green_0029_691.jpg 1 five 149 550 868 1519 
20180810_iphone_green_0099_296.jpg 1 five 514 767 983 1260 
20180810_iphone_green_0070_86.jpg 1 five 473 639 1029 1204 
20180810_iphone_green_0029_336.jpg 1 five 219 481 850 1231 
20180810_iphone_green_0056_261.jpg 1 five 495 505 887 1010 
20180810_iphone_green_0056_96.jpg 1 five 397 760 735 1281 
20180810_iphone_green_0016_121.jpg 1 five 247 693 638 1360 
20180810_iphone_green_0029_256.jpg 1 five 128 414 840 1207 
20180810_iphone_green_0099_36.jpg 1 five 71 497 940 1462 
20180810_iphone_green_0056_301.jpg 1 five 316 581 816 1117 
20180810_iphone_green_0099_321.jpg 1 five 242 674 614 1219 
20180810_iphone_green_0085_111.jpg 1 five 235 707 811 1286 
20180810_iphone_green_0029_281.jpg 1 five 209 386 830 1131 
20180810_iphone_green_0003_266.jpg 1 five 193 491 915 1397 
20180810_iphone_green_0016_61.jpg 1 five 407 607 1014 1364 
20180810_iphone_green_0016_486.jpg 1 five 254 455 1014 1307 
20180810_iphone_green_0070_101.jpg 1 five 550 763 998 1229 
20180810_iphone_green_0099_136.jpg 1 five 459 603 792 1203 
20180810_iphone_green_0085_306.jpg 1 five 71 443 769 1300 
20180810_iphone_green_0056_116.jpg 1 five 448 919 797 1407 
20180810_iphone_green_0043_61.jpg 1 five 57 395 883 1224 
20180810_iphone_green_0016_336.jpg 1 five 252 419 788 1133 
20180810_iphone_green_0029_51.jpg 1 five 196 338 1052 1331 
20180810_iphone_green_0056_466.jpg 1 five 64 586 716 1407 
20180810_iphone_green_0029_86.jpg 1 five 490 526 1002 1231 
20180810_iphone_green_0029_531.jpg 1 five 240 533 742 1174 
20180810_iphone_green_0003_96.jpg 1 five 212 453 878 1550 
20180810_iphone_green_0043_331.jpg 1 five 42 529 635 1183 
20180810_iphone_green_0029_451.jpg 1 five 321 574 647 1193 
20180810_iphone_green_0003_111.jpg 1 five 146 384 890 1634 
20180810_iphone_green_0003_41.jpg 1 five 240 500 1006 1447 
20180810_iphone_green_0085_266.jpg 1 five 152 519 654 1143 
20180810_iphone_green_0016_281.jpg 1 five 71 493 900 1590 
20180810_iphone_green_0029_121.jpg 1 five 295 671 838 1295 
20180810_iphone_green_0016_256.jpg 1 five 238 436 761 1221 
20180810_iphone_green_0003_461.jpg 1 five 285 571 885 1369 
20180810_iphone_green_0016_6.jpg 1 five 78 381 826 1348 
