20180810_iphone_green_0062_356.jpg 1 zan 321 421 761 971 
20180810_iphone_green_0049_411.jpg 1 zan 171 562 683 1174 
20180810_iphone_green_0091_76.jpg 1 zan 464 474 766 914 
20180810_iphone_green_0091_101.jpg 1 zan 290 543 795 1336 
20180810_iphone_green_0062_381.jpg 1 zan 119 536 726 1369 
20180810_iphone_green_0022_96.jpg 1 zan 354 933 759 1436 
20180810_iphone_green_0004_51.jpg 1 zan 152 350 859 1312 
20180810_iphone_green_0035_136.jpg 1 zan 292 819 685 1395 
20180810_iphone_green_0049_161.jpg 1 zan 81 591 949 1645 
20180810_iphone_green_0004_86.jpg 1 zan 121 434 868 1466 
20180810_iphone_green_0022_41.jpg 1 zan 397 738 945 1502 
20180810_iphone_green_0062_6.jpg 1 zan 390 898 1080 1760 
20180810_iphone_green_0049_31.jpg 1 zan 111 583 878 1545 
20180810_iphone_green_0062_61.jpg 1 zan 538 514 935 1043 
20180810_iphone_green_0105_106.jpg 1 zan 452 886 797 1314 
20180810_iphone_green_0035_296.jpg 1 zan 269 595 688 1136 
20180810_iphone_green_0049_216.jpg 1 zan 461 486 802 886 
20180810_iphone_green_0035_241.jpg 1 zan 409 719 769 1200 
20180810_iphone_green_0077_366.jpg 1 zan 526 595 845 1064 
20180810_iphone_green_0022_201.jpg 1 zan 288 590 802 1402 
20180810_iphone_green_0091_276.jpg 1 zan 204 695 702 1336 
20180810_iphone_green_0105_311.jpg 1 zan 457 762 842 1150 
20180810_iphone_green_0004_411.jpg 1 zan 142 571 783 1521 
20180810_iphone_green_0077_41.jpg 1 zan 430 576 880 1276 
20180810_iphone_green_0105_271.jpg 1 zan 30 679 809 1398 
20180810_iphone_green_0091_316.jpg 1 zan 211 548 807 1321 
20180810_iphone_green_0077_96.jpg 1 zan 473 543 1000 1383 
20180810_iphone_green_0004_161.jpg 1 zan 92 457 859 1586 
20180810_iphone_green_0049_376.jpg 1 zan 126 593 692 1262 
20180810_iphone_green_0077_206.jpg 1 zan 602 569 940 1090 
20180810_iphone_green_0062_431.jpg 1 zan 247 650 723 1271 
20180810_iphone_green_0062_341.jpg 1 zan 328 331 711 848 
20180810_iphone_green_0049_406.jpg 1 zan 147 560 676 1176 
20180810_iphone_green_0091_61.jpg 1 zan 521 394 828 856 
20180810_iphone_green_0091_116.jpg 1 zan 116 440 740 1407 
20180810_iphone_green_0022_161.jpg 1 zan 159 593 592 1236 
20180810_iphone_green_0022_81.jpg 1 zan 354 826 673 1307 
20180810_iphone_green_0004_46.jpg 1 zan 140 328 871 1309 
20180810_iphone_green_0049_176.jpg 1 zan 137 431 912 1331 
20180810_iphone_green_0004_91.jpg 1 zan 135 445 857 1462 
20180810_iphone_green_0022_56.jpg 1 zan 450 781 878 1426 
20180810_iphone_green_0049_26.jpg 1 zan 184 684 852 1516 
20180810_iphone_green_0062_76.jpg 1 zan 540 512 911 1036 
20180810_iphone_green_0035_281.jpg 1 zan 273 369 638 886 
20180810_iphone_green_0049_201.jpg 1 zan 419 329 809 779 
20180810_iphone_green_0077_371.jpg 1 zan 504 600 823 1081 
20180810_iphone_green_0035_256.jpg 1 zan 300 786 659 1224 
20180810_iphone_green_0022_216.jpg 1 zan 261 543 859 1471 
20180810_iphone_green_0091_261.jpg 1 zan 280 671 750 1226 
20180810_iphone_green_0004_406.jpg 1 zan 134 516 749 1503 
20180810_iphone_green_0077_56.jpg 1 zan 428 667 738 1176 
20180810_iphone_green_0091_301.jpg 1 zan 145 617 757 1448 
20180810_iphone_green_0062_181.jpg 1 zan 571 476 1021 1079 
20180810_iphone_green_0077_81.jpg 1 zan 461 676 788 1205 
20180810_iphone_green_0049_611.jpg 1 zan 46 419 834 1409 
20180810_iphone_green_0049_361.jpg 1 zan 240 767 700 1321 
20180810_iphone_green_0077_211.jpg 1 zan 604 550 935 1055 
20180810_iphone_green_0062_426.jpg 1 zan 185 667 685 1336 
20180810_iphone_green_0049_371.jpg 1 zan 135 643 711 1310 
20180810_iphone_green_0077_201.jpg 1 zan 576 583 923 1126 
20180810_iphone_green_0062_436.jpg 1 zan 311 605 733 1176 
20180810_iphone_green_0004_166.jpg 1 zan 146 469 909 1575 
20180810_iphone_green_0077_91.jpg 1 zan 469 633 907 1326 
20180810_iphone_green_0062_146.jpg 1 zan 452 362 988 1129 
20180810_iphone_green_0004_416.jpg 1 zan 174 622 790 1572 
20180810_iphone_green_0077_46.jpg 1 zan 414 610 807 1226 
20180810_iphone_green_0105_276.jpg 1 zan 97 719 842 1400 
20180810_iphone_green_0091_311.jpg 1 zan 261 633 852 1412 
20180810_iphone_green_0062_191.jpg 1 zan 580 602 1038 1238 
20180810_iphone_green_0022_206.jpg 1 zan 273 610 821 1412 
20180810_iphone_green_0091_271.jpg 1 zan 228 702 719 1300 
20180810_iphone_green_0105_316.jpg 1 zan 404 752 792 1119 
20180810_iphone_green_0049_211.jpg 1 zan 477 437 819 835 
20180810_iphone_green_0077_361.jpg 1 zan 540 567 869 1057 
20180810_iphone_green_0035_246.jpg 1 zan 397 750 759 1207 
20180810_iphone_green_0035_291.jpg 1 zan 273 486 685 1014 
20180810_iphone_green_0062_66.jpg 1 zan 545 521 940 1050 
20180810_iphone_green_0105_101.jpg 1 zan 364 821 764 1329 
20180810_iphone_green_0049_576.jpg 1 zan 47 257 580 971 
20180810_iphone_green_0049_36.jpg 1 zan 104 467 907 1545 
20180810_iphone_green_0004_81.jpg 1 zan 128 424 835 1440 
20180810_iphone_green_0022_46.jpg 1 zan 423 731 950 1474 
20180810_iphone_green_0022_91.jpg 1 zan 359 905 700 1379 
20180810_iphone_green_0004_56.jpg 1 zan 207 398 873 1350 
20180810_iphone_green_0049_166.jpg 1 zan 87 519 946 1597 
20180810_iphone_green_0091_106.jpg 1 zan 233 505 788 1357 
20180810_iphone_green_0062_386.jpg 1 zan 0 550 714 1493 
20180810_iphone_green_0022_171.jpg 1 zan 273 621 692 1181 
20180810_iphone_green_0062_351.jpg 1 zan 326 376 735 917 
20180810_iphone_green_0049_416.jpg 1 zan 159 552 688 1171 
20180810_iphone_green_0091_71.jpg 1 zan 476 467 773 886 
20180810_iphone_green_0049_366.jpg 1 zan 197 712 709 1317 
20180810_iphone_green_0077_216.jpg 1 zan 592 543 914 1029 
20180810_iphone_green_0077_86.jpg 1 zan 461 669 830 1264 
20180810_iphone_green_0049_616.jpg 1 zan 169 431 852 1300 
20180810_iphone_green_0062_151.jpg 1 zan 519 288 1042 1012 
20180810_iphone_green_0004_401.jpg 1 zan 68 484 715 1512 
20180810_iphone_green_0077_51.jpg 1 zan 409 638 759 1193 
20180810_iphone_green_0091_306.jpg 1 zan 209 619 823 1433 
20180810_iphone_green_0062_186.jpg 1 zan 578 550 1021 1160 
20180810_iphone_green_0022_211.jpg 1 zan 271 586 833 1436 
20180810_iphone_green_0091_266.jpg 1 zan 269 700 735 1276 
20180810_iphone_green_0049_206.jpg 1 zan 454 371 823 790 
20180810_iphone_green_0035_251.jpg 1 zan 361 760 709 1217 
20180810_iphone_green_0035_286.jpg 1 zan 290 388 669 914 
20180810_iphone_green_0062_71.jpg 1 zan 557 517 916 1031 
20180810_iphone_green_0049_21.jpg 1 zan 290 743 878 1469 
20180810_iphone_green_0004_96.jpg 1 zan 154 469 859 1476 
20180810_iphone_green_0022_51.jpg 1 zan 452 745 930 1460 
20180810_iphone_green_0022_86.jpg 1 zan 340 874 661 1345 
20180810_iphone_green_0004_41.jpg 1 zan 152 353 887 1359 
20180810_iphone_green_0049_171.jpg 1 zan 134 462 924 1488 
20180810_iphone_green_0091_111.jpg 1 zan 176 486 769 1381 
20180810_iphone_green_0022_166.jpg 1 zan 207 614 633 1198 
20180810_iphone_green_0062_346.jpg 1 zan 330 340 721 874 
20180810_iphone_green_0049_401.jpg 1 zan 150 548 673 1176 
20180810_iphone_green_0091_66.jpg 1 zan 495 433 795 862 
20180810_iphone_green_0062_321.jpg 1 zan 247 352 604 869 
20180810_iphone_green_0091_176.jpg 1 zan 245 414 954 1140 
20180810_iphone_green_0022_101.jpg 1 zan 342 936 788 1486 
20180810_iphone_green_0035_141.jpg 1 zan 250 824 697 1438 
20180810_iphone_green_0004_26.jpg 1 zan 134 591 821 1531 
20180810_iphone_green_0035_196.jpg 1 zan 130 698 635 1379 
20180810_iphone_green_0022_36.jpg 1 zan 371 774 914 1514 
20180810_iphone_green_0004_301.jpg 1 zan 121 562 802 1443 
20180810_iphone_green_0049_46.jpg 1 zan 204 588 928 1529 
20180810_iphone_green_0049_91.jpg 1 zan 390 724 738 1176 
20180810_iphone_green_0004_261.jpg 1 zan 3 531 652 1534 
20180810_iphone_green_0022_1.jpg 1 zan 352 714 802 1345 
20180810_iphone_green_0105_66.jpg 1 zan 221 548 838 1355 
20180810_iphone_green_0049_506.jpg 1 zan 104 367 652 1010 
20180810_iphone_green_0062_296.jpg 1 zan 319 629 761 1267 
20180810_iphone_green_0062_16.jpg 1 zan 345 800 1000 1626 
20180810_iphone_green_0035_236.jpg 1 zan 378 681 750 1190 
20180810_iphone_green_0077_311.jpg 1 zan 457 831 947 1545 
20180810_iphone_green_0062_526.jpg 1 zan 112 306 946 1378 
20180810_iphone_green_0004_506.jpg 1 zan 328 817 902 1510 
20180810_iphone_green_0105_366.jpg 1 zan 297 479 911 1276 
20180810_iphone_green_0022_276.jpg 1 zan 359 509 1015 1422 
20180810_iphone_green_0091_201.jpg 1 zan 577 346 959 756 
20180810_iphone_green_0077_36.jpg 1 zan 373 495 909 1345 
20180810_iphone_green_0004_466.jpg 1 zan 230 517 938 1405 
20180810_iphone_green_0091_361.jpg 1 zan 90 667 657 1393 
20180810_iphone_green_0022_316.jpg 1 zan 321 552 697 1093 
20180810_iphone_green_0105_206.jpg 1 zan 128 333 869 1288 
20180810_iphone_green_0004_116.jpg 1 zan 90 474 840 1479 
20180810_iphone_green_0062_491.jpg 1 zan 174 341 1009 1462 
20180810_iphone_green_0049_301.jpg 1 zan 230 373 623 854 
20180810_iphone_green_0062_446.jpg 1 zan 387 591 806 1138 
20180810_iphone_green_0077_271.jpg 1 zan 373 531 661 988 
20180810_iphone_green_0062_336.jpg 1 zan 315 337 680 838 
20180810_iphone_green_0049_471.jpg 1 zan 11 426 647 1176 
20180810_iphone_green_0091_16.jpg 1 zan 388 717 959 1469 
20180810_iphone_green_0091_161.jpg 1 zan 73 429 854 1300 
20180810_iphone_green_0022_116.jpg 1 zan 288 905 864 1574 
20180810_iphone_green_0035_11.jpg 1 zan 411 683 919 1383 
20180810_iphone_green_0004_31.jpg 1 zan 164 538 864 1507 
20180810_iphone_green_0035_156.jpg 1 zan 230 729 773 1440 
20180810_iphone_green_0049_101.jpg 1 zan 375 358 767 854 
20180810_iphone_green_0035_181.jpg 1 zan 297 610 750 1231 
20180810_iphone_green_0022_21.jpg 1 zan 338 786 776 1412 
20180810_iphone_green_0004_316.jpg 1 zan 84 450 734 1312 
20180810_iphone_green_0049_51.jpg 1 zan 290 640 883 1414 
20180810_iphone_green_0105_416.jpg 1 zan 323 371 673 769 
20180810_iphone_green_0049_86.jpg 1 zan 395 843 742 1271 
20180810_iphone_green_0004_1.jpg 1 zan 83 560 733 1455 
20180810_iphone_green_0105_71.jpg 1 zan 192 552 826 1388 
20180810_iphone_green_0049_511.jpg 1 zan 130 255 680 912 
20180810_iphone_green_0062_281.jpg 1 zan 390 531 935 1279 
20180810_iphone_green_0077_306.jpg 1 zan 497 714 957 1393 
20180810_iphone_green_0062_531.jpg 1 zan 106 309 893 1347 
20180810_iphone_green_0004_511.jpg 1 zan 276 740 864 1488 
20180810_iphone_green_0105_371.jpg 1 zan 383 481 916 1221 
20180810_iphone_green_0022_261.jpg 1 zan 381 378 1068 1397 
20180810_iphone_green_0091_216.jpg 1 zan 546 397 868 768 
20180810_iphone_green_0077_21.jpg 1 zan 15 462 781 1631 
20180810_iphone_green_0004_471.jpg 1 zan 252 512 888 1340 
20180810_iphone_green_0091_376.jpg 1 zan 114 790 709 1507 
20180810_iphone_green_0022_301.jpg 1 zan 211 564 657 1205 
20180810_iphone_green_0105_211.jpg 1 zan 223 338 930 1295 
20180810_iphone_green_0004_101.jpg 1 zan 166 467 895 1493 
20180810_iphone_green_0062_486.jpg 1 zan 228 388 1056 1472 
20180810_iphone_green_0049_316.jpg 1 zan 355 412 709 848 
20180810_iphone_green_0062_451.jpg 1 zan 404 567 840 1143 
20180810_iphone_green_0035_341.jpg 1 zan 359 926 757 1386 
20180810_iphone_green_0077_266.jpg 1 zan 366 500 652 952 
20180810_iphone_green_0049_306.jpg 1 zan 286 358 665 819 
20180810_iphone_green_0062_441.jpg 1 zan 354 574 792 1133 
20180810_iphone_green_0077_276.jpg 1 zan 378 579 685 1048 
20180810_iphone_green_0004_111.jpg 1 zan 93 450 862 1475 
20180810_iphone_green_0062_496.jpg 1 zan 102 309 971 1450 
20180810_iphone_green_0077_31.jpg 1 zan 231 453 871 1475 
20180810_iphone_green_0004_461.jpg 1 zan 202 497 956 1450 
20180810_iphone_green_0091_366.jpg 1 zan 50 721 630 1450 
20180810_iphone_green_0022_311.jpg 1 zan 300 560 692 1110 
20180810_iphone_green_0105_201.jpg 1 zan 123 324 842 1240 
20180810_iphone_green_0004_501.jpg 1 zan 369 750 885 1390 
20180810_iphone_green_0105_361.jpg 1 zan 278 571 880 1288 
20180810_iphone_green_0022_271.jpg 1 zan 402 445 1076 1400 
20180810_iphone_green_0091_206.jpg 1 zan 540 379 911 760 
20180810_iphone_green_0077_316.jpg 1 zan 416 974 907 1702 
20180810_iphone_green_0062_521.jpg 1 zan 128 250 984 1381 
20180810_iphone_green_0062_11.jpg 1 zan 369 888 1042 1719 
20180810_iphone_green_0062_291.jpg 1 zan 383 621 864 1288 
20180810_iphone_green_0022_6.jpg 1 zan 361 731 800 1352 
20180810_iphone_green_0105_61.jpg 1 zan 190 579 823 1376 
20180810_iphone_green_0049_501.jpg 1 zan 97 417 630 1057 
20180810_iphone_green_0049_96.jpg 1 zan 390 571 759 1031 
20180810_iphone_green_0049_41.jpg 1 zan 149 469 937 1559 
20180810_iphone_green_0035_191.jpg 1 zan 209 657 702 1312 
20180810_iphone_green_0022_31.jpg 1 zan 359 788 857 1498 
20180810_iphone_green_0004_306.jpg 1 zan 134 528 781 1406 
20180810_iphone_green_0035_146.jpg 1 zan 221 812 707 1455 
20180810_iphone_green_0004_21.jpg 1 zan 65 572 778 1509 
20180810_iphone_green_0091_171.jpg 1 zan 190 440 957 1226 
20180810_iphone_green_0022_106.jpg 1 zan 311 933 821 1540 
20180810_iphone_green_0062_326.jpg 1 zan 269 321 635 836 
20180810_iphone_green_0049_311.jpg 1 zan 311 371 688 817 
20180810_iphone_green_0062_456.jpg 1 zan 400 543 890 1169 
20180810_iphone_green_0077_261.jpg 1 zan 359 492 648 952 
20180810_iphone_green_0004_106.jpg 1 zan 114 443 878 1464 
20180810_iphone_green_0062_481.jpg 1 zan 242 414 1030 1462 
20180810_iphone_green_0077_26.jpg 1 zan 52 412 787 1578 
20180810_iphone_green_0004_476.jpg 1 zan 266 526 869 1290 
20180810_iphone_green_0091_371.jpg 1 zan 76 814 640 1518 
20180810_iphone_green_0022_306.jpg 1 zan 278 571 688 1162 
20180810_iphone_green_0105_216.jpg 1 zan 250 367 950 1329 
20180810_iphone_green_0105_376.jpg 1 zan 402 552 890 1195 
20180810_iphone_green_0022_266.jpg 1 zan 384 409 1071 1400 
20180810_iphone_green_0091_211.jpg 1 zan 526 364 885 743 
20180810_iphone_green_0077_301.jpg 1 zan 504 657 902 1283 
20180810_iphone_green_0062_286.jpg 1 zan 400 586 907 1276 
20180810_iphone_green_0004_6.jpg 1 zan 47 545 730 1467 
20180810_iphone_green_0105_76.jpg 1 zan 173 557 819 1419 
20180810_iphone_green_0049_516.jpg 1 zan 138 124 697 812 
20180810_iphone_green_0049_81.jpg 1 zan 415 877 736 1290 
20180810_iphone_green_0049_56.jpg 1 zan 330 667 835 1302 
20180810_iphone_green_0035_186.jpg 1 zan 285 614 754 1260 
20180810_iphone_green_0022_26.jpg 1 zan 330 802 807 1469 
20180810_iphone_green_0004_311.jpg 1 zan 59 486 702 1343 
20180810_iphone_green_0004_36.jpg 1 zan 154 452 878 1429 
20180810_iphone_green_0035_151.jpg 1 zan 240 774 757 1452 
20180810_iphone_green_0049_106.jpg 1 zan 335 143 764 664 
20180810_iphone_green_0091_166.jpg 1 zan 121 436 911 1274 
20180810_iphone_green_0022_111.jpg 1 zan 285 945 835 1574 
20180810_iphone_green_0035_16.jpg 1 zan 452 740 966 1429 
20180810_iphone_green_0062_331.jpg 1 zan 288 336 659 840 
20180810_iphone_green_0049_476.jpg 1 zan 54 436 669 1155 
20180810_iphone_green_0091_11.jpg 1 zan 371 729 926 1462 
20180810_iphone_green_0077_251.jpg 1 zan 321 500 611 969 
20180810_iphone_green_0062_466.jpg 1 zan 369 490 973 1257 
20180810_iphone_green_0049_321.jpg 1 zan 340 448 707 879 
20180810_iphone_green_0077_286.jpg 1 zan 407 610 730 1119 
20180810_iphone_green_0004_136.jpg 1 zan 73 576 814 1607 
20180810_iphone_green_0035_6.jpg 1 zan 352 636 857 1338 
20180810_iphone_green_0004_491.jpg 1 zan 428 584 874 1188 
20180810_iphone_green_0105_226.jpg 1 zan 145 479 835 1421 
20180810_iphone_green_0091_341.jpg 1 zan 192 645 823 1452 
20180810_iphone_green_0022_336.jpg 1 zan 373 652 785 1193 
20180810_iphone_green_0004_446.jpg 1 zan 34 478 837 1566 
20180810_iphone_green_0077_16.jpg 1 zan 65 516 806 1622 
20180810_iphone_green_0105_391.jpg 1 zan 357 621 769 1081 
20180810_iphone_green_0022_281.jpg 1 zan 228 550 857 1398 
20180810_iphone_green_0022_256.jpg 1 zan 366 371 1057 1412 
20180810_iphone_green_0091_221.jpg 1 zan 502 462 823 819 
20180810_iphone_green_0105_346.jpg 1 zan 307 583 854 1321 
20180810_iphone_green_0062_506.jpg 1 zan 99 241 996 1391 
20180810_iphone_green_0035_216.jpg 1 zan 121 700 576 1310 
20180810_iphone_green_0077_331.jpg 1 zan 519 795 997 1514 
20180810_iphone_green_0049_241.jpg 1 zan 292 555 857 1214 
20180810_iphone_green_0049_296.jpg 1 zan 146 421 588 942 
20180810_iphone_green_0105_91.jpg 1 zan 97 645 769 1433 
20180810_iphone_green_0062_36.jpg 1 zan 435 488 926 1136 
20180810_iphone_green_0049_526.jpg 1 zan 116 98 680 798 
20180810_iphone_green_0105_46.jpg 1 zan 123 664 721 1407 
20180810_iphone_green_0004_296.jpg 1 zan 135 571 773 1445 
20180810_iphone_green_0049_66.jpg 1 zan 411 752 773 1217 
20180810_iphone_green_0004_321.jpg 1 zan 130 471 785 1324 
20180810_iphone_green_0022_16.jpg 1 zan 350 767 780 1386 
20180810_iphone_green_0049_136.jpg 1 zan 369 374 902 1055 
20180810_iphone_green_0035_161.jpg 1 zan 228 695 802 1426 
20180810_iphone_green_0035_26.jpg 1 zan 402 714 952 1464 
20180810_iphone_green_0049_491.jpg 1 zan 64 374 619 1045 
20180810_iphone_green_0091_156.jpg 1 zan 59 381 849 1300 
20180810_iphone_green_0022_121.jpg 1 zan 316 802 923 1531 
20180810_iphone_green_0049_446.jpg 1 zan 71 460 735 1238 
20180810_iphone_green_0091_21.jpg 1 zan 364 676 978 1450 
20180810_iphone_green_0062_301.jpg 1 zan 266 614 683 1205 
20180810_iphone_green_0091_181.jpg 1 zan 314 412 952 1052 
20180810_iphone_green_0077_246.jpg 1 zan 330 554 625 1029 
20180810_iphone_green_0062_471.jpg 1 zan 323 452 985 1319 
20180810_iphone_green_0049_336.jpg 1 zan 283 576 680 1017 
20180810_iphone_green_0077_291.jpg 1 zan 428 619 773 1162 
20180810_iphone_green_0049_1.jpg 1 zan 340 636 835 1298 
20180810_iphone_green_0004_121.jpg 1 zan 88 483 838 1500 
20180810_iphone_green_0062_101.jpg 1 zan 378 450 828 1110 
20180810_iphone_green_0091_381.jpg 1 zan 221 788 833 1512 
20180810_iphone_green_0049_646.jpg 1 zan 466 469 892 983 
20180810_iphone_green_0004_486.jpg 1 zan 361 545 857 1183 
20180810_iphone_green_0105_231.jpg 1 zan 42 562 766 1457 
20180810_iphone_green_0091_356.jpg 1 zan 57 457 650 1243 
20180810_iphone_green_0022_321.jpg 1 zan 345 550 707 1079 
20180810_iphone_green_0004_451.jpg 1 zan 107 455 883 1524 
20180810_iphone_green_0105_386.jpg 1 zan 321 598 785 1126 
20180810_iphone_green_0022_296.jpg 1 zan 135 550 628 1236 
20180810_iphone_green_0022_241.jpg 1 zan 335 424 1047 1429 
20180810_iphone_green_0091_236.jpg 1 zan 359 548 721 964 
20180810_iphone_green_0105_351.jpg 1 zan 242 557 804 1269 
20180810_iphone_green_0062_511.jpg 1 zan 106 200 971 1356 
20180810_iphone_green_0077_326.jpg 1 zan 457 921 964 1671 
20180810_iphone_green_0035_201.jpg 1 zan 71 712 578 1407 
20180810_iphone_green_0049_256.jpg 1 zan 34 394 862 1400 
20180810_iphone_green_0049_281.jpg 1 zan 0 510 628 1250 
20180810_iphone_green_0105_86.jpg 1 zan 140 536 800 1450 
20180810_iphone_green_0062_21.jpg 1 zan 366 657 973 1460 
20180810_iphone_green_0049_531.jpg 1 zan 107 114 664 795 
20180810_iphone_green_0105_51.jpg 1 zan 173 607 771 1390 
20180810_iphone_green_0105_191.jpg 1 zan 119 400 847 1152 
20180810_iphone_green_0062_276.jpg 1 zan 388 479 1002 1305 
20180810_iphone_green_0004_256.jpg 1 zan 0 498 683 1510 
20180810_iphone_green_0105_436.jpg 1 zan 66 219 590 874 
20180810_iphone_green_0004_281.jpg 1 zan 11 579 661 1507 
20180810_iphone_green_0049_71.jpg 1 zan 407 800 759 1231 
20180810_iphone_green_0004_336.jpg 1 zan 83 536 766 1440 
20180810_iphone_green_0049_121.jpg 1 zan 333 140 785 702 
20180810_iphone_green_0035_176.jpg 1 zan 288 631 769 1264 
20180810_iphone_green_0004_11.jpg 1 zan 40 569 740 1491 
20180810_iphone_green_0035_31.jpg 1 zan 364 674 921 1438 
20180810_iphone_green_0049_486.jpg 1 zan 80 414 645 1083 
20180810_iphone_green_0091_141.jpg 1 zan 2 378 796 1384 
20180810_iphone_green_0022_136.jpg 1 zan 402 414 945 1276 
20180810_iphone_green_0049_451.jpg 1 zan 42 443 711 1236 
20180810_iphone_green_0091_36.jpg 1 zan 269 548 900 1374 
20180810_iphone_green_0062_316.jpg 1 zan 221 417 588 936 
20180810_iphone_green_0091_196.jpg 1 zan 540 336 997 783 
20180810_iphone_green_0049_441.jpg 1 zan 88 483 723 1231 
20180810_iphone_green_0091_26.jpg 1 zan 340 621 954 1433 
20180810_iphone_green_0062_306.jpg 1 zan 211 560 600 1110 
20180810_iphone_green_0091_186.jpg 1 zan 390 388 983 967 
20180810_iphone_green_0035_21.jpg 1 zan 469 745 980 1455 
20180810_iphone_green_0049_496.jpg 1 zan 76 390 614 1048 
20180810_iphone_green_0091_151.jpg 1 zan 18 366 831 1312 
20180810_iphone_green_0022_126.jpg 1 zan 426 593 978 1407 
20180810_iphone_green_0049_131.jpg 1 zan 350 412 847 1021 
20180810_iphone_green_0035_166.jpg 1 zan 285 667 828 1357 
20180810_iphone_green_0004_326.jpg 1 zan 126 483 790 1345 
20180810_iphone_green_0022_11.jpg 1 zan 359 752 804 1379 
20180810_iphone_green_0004_291.jpg 1 zan 71 586 728 1457 
20180810_iphone_green_0049_61.jpg 1 zan 373 707 802 1240 
20180810_iphone_green_0004_246.jpg 1 zan 0 562 662 1538 
20180810_iphone_green_0049_521.jpg 1 zan 100 95 690 790 
20180810_iphone_green_0105_41.jpg 1 zan 107 776 683 1464 
20180810_iphone_green_0105_96.jpg 1 zan 216 738 730 1367 
20180810_iphone_green_0062_31.jpg 1 zan 419 526 926 1217 
20180810_iphone_green_0049_291.jpg 1 zan 69 471 566 1045 
20180810_iphone_green_0062_501.jpg 1 zan 74 288 952 1434 
20180810_iphone_green_0077_336.jpg 1 zan 554 683 1011 1367 
20180810_iphone_green_0035_211.jpg 1 zan 92 724 578 1352 
20180810_iphone_green_0049_246.jpg 1 zan 188 490 890 1281 
20180810_iphone_green_0022_251.jpg 1 zan 378 417 1069 1429 
20180810_iphone_green_0091_226.jpg 1 zan 452 505 778 876 
20180810_iphone_green_0105_341.jpg 1 zan 359 617 842 1298 
20180810_iphone_green_0105_396.jpg 1 zan 371 648 761 1038 
20180810_iphone_green_0022_286.jpg 1 zan 114 552 700 1357 
20180810_iphone_green_0105_221.jpg 1 zan 159 412 896 1362 
20180810_iphone_green_0091_346.jpg 1 zan 200 571 804 1362 
20180810_iphone_green_0022_331.jpg 1 zan 371 586 750 1136 
20180810_iphone_green_0004_441.jpg 1 zan 40 556 809 1612 
20180810_iphone_green_0077_11.jpg 1 zan 121 538 804 1588 
20180810_iphone_green_0004_496.jpg 1 zan 435 652 878 1252 
20180810_iphone_green_0035_1.jpg 1 zan 316 598 823 1302 
20180810_iphone_green_0077_281.jpg 1 zan 385 602 707 1095 
20180810_iphone_green_0004_131.jpg 1 zan 92 562 804 1550 
20180810_iphone_green_0077_256.jpg 1 zan 350 505 635 962 
20180810_iphone_green_0062_461.jpg 1 zan 411 531 961 1210 
20180810_iphone_green_0049_326.jpg 1 zan 338 473 705 895 
20180810_iphone_green_0091_31.jpg 1 zan 307 583 904 1421 
20180810_iphone_green_0062_311.jpg 1 zan 200 481 557 1012 
20180810_iphone_green_0091_191.jpg 1 zan 485 343 1002 857 
20180810_iphone_green_0035_36.jpg 1 zan 297 521 878 1312 
20180810_iphone_green_0049_481.jpg 1 zan 61 433 664 1124 
20180810_iphone_green_0091_146.jpg 1 zan 56 372 821 1353 
20180810_iphone_green_0022_131.jpg 1 zan 445 433 1016 1290 
20180810_iphone_green_0049_126.jpg 1 zan 342 298 814 871 
20180810_iphone_green_0035_171.jpg 1 zan 297 638 802 1307 
20180810_iphone_green_0004_16.jpg 1 zan 59 567 747 1507 
20180810_iphone_green_0004_331.jpg 1 zan 61 495 776 1374 
20180810_iphone_green_0004_286.jpg 1 zan 23 600 692 1488 
20180810_iphone_green_0049_76.jpg 1 zan 442 862 757 1274 
20180810_iphone_green_0004_251.jpg 1 zan 0 517 683 1514 
20180810_iphone_green_0105_431.jpg 1 zan 166 317 611 836 
20180810_iphone_green_0049_536.jpg 1 zan 102 119 657 805 
20180810_iphone_green_0105_56.jpg 1 zan 180 579 802 1376 
20180810_iphone_green_0105_196.jpg 1 zan 104 321 850 1183 
20180810_iphone_green_0105_81.jpg 1 zan 76 540 821 1438 
20180810_iphone_green_0062_26.jpg 1 zan 397 576 971 1312 
20180810_iphone_green_0049_286.jpg 1 zan 57 514 583 1152 
20180810_iphone_green_0062_516.jpg 1 zan 112 216 984 1359 
20180810_iphone_green_0035_206.jpg 1 zan 54 702 552 1398 
20180810_iphone_green_0077_321.jpg 1 zan 409 1005 909 1740 
20180810_iphone_green_0049_251.jpg 1 zan 119 412 892 1333 
20180810_iphone_green_0022_246.jpg 1 zan 352 421 1050 1436 
20180810_iphone_green_0091_231.jpg 1 zan 383 531 733 921 
20180810_iphone_green_0105_356.jpg 1 zan 202 557 845 1257 
20180810_iphone_green_0105_381.jpg 1 zan 376 586 842 1162 
20180810_iphone_green_0022_291.jpg 1 zan 97 560 645 1307 
20180810_iphone_green_0091_351.jpg 1 zan 140 490 721 1274 
20180810_iphone_green_0022_326.jpg 1 zan 369 562 740 1117 
20180810_iphone_green_0004_456.jpg 1 zan 162 494 946 1503 
20180810_iphone_green_0062_106.jpg 1 zan 309 479 807 1198 
20180810_iphone_green_0091_386.jpg 1 zan 378 798 954 1505 
20180810_iphone_green_0049_641.jpg 1 zan 473 464 876 967 
20180810_iphone_green_0004_481.jpg 1 zan 326 548 857 1231 
20180810_iphone_green_0077_296.jpg 1 zan 473 638 838 1221 
20180810_iphone_green_0004_126.jpg 1 zan 97 512 826 1524 
20180810_iphone_green_0049_6.jpg 1 zan 359 710 876 1357 
20180810_iphone_green_0077_241.jpg 1 zan 366 638 680 1110 
20180810_iphone_green_0062_476.jpg 1 zan 276 424 1007 1381 
20180810_iphone_green_0049_331.jpg 1 zan 321 500 692 924 
20180810_iphone_green_0077_226.jpg 1 zan 578 640 892 1114 
20180810_iphone_green_0035_301.jpg 1 zan 285 712 690 1238 
20180810_iphone_green_0049_356.jpg 1 zan 238 821 676 1348 
20180810_iphone_green_0049_381.jpg 1 zan 92 560 635 1224 
20180810_iphone_green_0004_141.jpg 1 zan 52 524 814 1574 
20180810_iphone_green_0105_286.jpg 1 zan 135 757 821 1357 
20180810_iphone_green_0062_161.jpg 1 zan 569 281 1054 931 
20180810_iphone_green_0049_626.jpg 1 zan 345 481 871 1083 
20180810_iphone_green_0091_336.jpg 1 zan 212 616 843 1456 
20180810_iphone_green_0077_61.jpg 1 zan 435 674 754 1155 
20180810_iphone_green_0004_431.jpg 1 zan 59 657 757 1660 
20180810_iphone_green_0091_281.jpg 1 zan 123 679 695 1379 
20180810_iphone_green_0105_331.jpg 1 zan 221 724 716 1195 
20180810_iphone_green_0022_221.jpg 1 zan 245 500 880 1505 
20180810_iphone_green_0091_256.jpg 1 zan 338 626 759 1162 
20180810_iphone_green_0077_346.jpg 1 zan 569 483 940 1086 
20180810_iphone_green_0049_236.jpg 1 zan 326 598 814 1138 
20180810_iphone_green_0062_41.jpg 1 zan 454 486 926 1093 
20180810_iphone_green_0105_31.jpg 1 zan 142 852 650 1464 
20180810_iphone_green_0062_96.jpg 1 zan 438 450 854 1069 
20180810_iphone_green_0077_186.jpg 1 zan 416 481 880 1195 
20180810_iphone_green_0049_11.jpg 1 zan 385 750 897 1393 
20180810_iphone_green_0091_1.jpg 1 zan 215 656 802 1384 
20180810_iphone_green_0049_196.jpg 1 zan 371 331 800 826 
20180810_iphone_green_0022_61.jpg 1 zan 435 819 823 1407 
20180810_iphone_green_0049_141.jpg 1 zan 326 367 928 1117 
20180810_iphone_green_0004_71.jpg 1 zan 154 402 873 1393 
20180810_iphone_green_0035_51.jpg 1 zan 226 257 761 1033 
20180810_iphone_green_0091_81.jpg 1 zan 464 476 790 974 
20180810_iphone_green_0091_121.jpg 1 zan 61 448 742 1476 
20180810_iphone_green_0022_156.jpg 1 zan 133 593 607 1260 
20180810_iphone_green_0049_431.jpg 1 zan 135 552 695 1236 
20180810_iphone_green_0091_56.jpg 1 zan 521 390 869 893 
20180810_iphone_green_0035_86.jpg 1 zan 247 1129 709 1760 
20180810_iphone_green_0022_181.jpg 1 zan 359 655 804 1236 
20180810_iphone_green_0062_376.jpg 1 zan 221 524 783 1262 
20180810_iphone_green_0077_231.jpg 1 zan 533 671 833 1136 
20180810_iphone_green_0049_341.jpg 1 zan 276 690 661 1145 
20180810_iphone_green_0049_396.jpg 1 zan 154 560 676 1183 
20180810_iphone_green_0004_156.jpg 1 zan 18 509 802 1641 
20180810_iphone_green_0105_291.jpg 1 zan 221 760 842 1319 
20180810_iphone_green_0062_176.jpg 1 zan 559 424 995 1017 
20180810_iphone_green_0049_631.jpg 1 zan 404 462 880 1002 
20180810_iphone_green_0091_321.jpg 1 zan 157 502 759 1298 
20180810_iphone_green_0077_76.jpg 1 zan 457 667 769 1157 
20180810_iphone_green_0004_426.jpg 1 zan 52 653 752 1641 
20180810_iphone_green_0091_296.jpg 1 zan 95 621 716 1443 
20180810_iphone_green_0105_326.jpg 1 zan 245 745 707 1133 
20180810_iphone_green_0022_236.jpg 1 zan 316 421 1000 1414 
20180810_iphone_green_0091_241.jpg 1 zan 350 565 727 1021 
20180810_iphone_green_0077_351.jpg 1 zan 552 479 907 1038 
20180810_iphone_green_0035_276.jpg 1 zan 252 402 590 925 
20180810_iphone_green_0049_221.jpg 1 zan 428 533 795 940 
20180810_iphone_green_0062_56.jpg 1 zan 516 488 928 1043 
20180810_iphone_green_0105_26.jpg 1 zan 204 883 661 1450 
20180810_iphone_green_0062_81.jpg 1 zan 521 505 890 1036 
20180810_iphone_green_0077_191.jpg 1 zan 459 521 871 1155 
20180810_iphone_green_0049_181.jpg 1 zan 228 424 880 1198 
20180810_iphone_green_0004_341.jpg 1 zan 54 593 761 1538 
20180810_iphone_green_0022_76.jpg 1 zan 366 814 688 1302 
20180810_iphone_green_0004_396.jpg 1 zan 76 512 733 1538 
20180810_iphone_green_0077_1.jpg 1 zan 231 581 865 1534 
20180810_iphone_green_0049_156.jpg 1 zan 121 631 952 1616 
20180810_iphone_green_0004_66.jpg 1 zan 193 431 893 1403 
20180810_iphone_green_0035_46.jpg 1 zan 290 245 845 1055 
20180810_iphone_green_0091_96.jpg 1 zan 338 557 800 1271 
20180810_iphone_green_0091_136.jpg 1 zan 18 416 787 1453 
20180810_iphone_green_0022_141.jpg 1 zan 319 495 892 1288 
20180810_iphone_green_0049_426.jpg 1 zan 154 567 695 1226 
20180810_iphone_green_0091_41.jpg 1 zan 383 560 904 1269 
20180810_iphone_green_0035_91.jpg 1 zan 269 1038 709 1657 
20180810_iphone_green_0062_361.jpg 1 zan 297 436 740 1019 
20180810_iphone_green_0022_196.jpg 1 zan 321 590 826 1386 
20180810_iphone_green_0049_436.jpg 1 zan 83 512 711 1229 
20180810_iphone_green_0035_81.jpg 1 zan 207 1217 700 1855 
20180810_iphone_green_0091_51.jpg 1 zan 480 431 897 990 
20180810_iphone_green_0062_371.jpg 1 zan 269 486 773 1162 
20180810_iphone_green_0022_186.jpg 1 zan 388 621 852 1300 
20180810_iphone_green_0091_86.jpg 1 zan 426 488 800 1048 
20180810_iphone_green_0035_56.jpg 1 zan 173 400 690 1131 
20180810_iphone_green_0091_126.jpg 1 zan 21 467 764 1545 
20180810_iphone_green_0022_151.jpg 1 zan 185 595 733 1255 
20180810_iphone_green_0004_386.jpg 1 zan 40 422 709 1475 
20180810_iphone_green_0049_146.jpg 1 zan 273 443 942 1281 
20180810_iphone_green_0004_76.jpg 1 zan 135 407 842 1410 
20180810_iphone_green_0049_191.jpg 1 zan 307 390 819 945 
20180810_iphone_green_0022_66.jpg 1 zan 416 829 780 1360 
20180810_iphone_green_0049_16.jpg 1 zan 357 755 888 1424 
20180810_iphone_green_0091_6.jpg 1 zan 309 690 857 1426 
20180810_iphone_green_0105_36.jpg 1 zan 116 845 671 1490 
20180810_iphone_green_0062_91.jpg 1 zan 469 479 864 1050 
20180810_iphone_green_0062_211.jpg 1 zan 542 538 1076 1281 
20180810_iphone_green_0049_581.jpg 1 zan 11 245 554 981 
20180810_iphone_green_0062_46.jpg 1 zan 473 483 909 1076 
20180810_iphone_green_0077_341.jpg 1 zan 569 567 980 1205 
20180810_iphone_green_0035_266.jpg 1 zan 264 710 611 1169 
20180810_iphone_green_0049_231.jpg 1 zan 376 581 807 1064 
20180810_iphone_green_0105_336.jpg 1 zan 259 660 761 1274 
20180810_iphone_green_0022_226.jpg 1 zan 252 450 926 1474 
20180810_iphone_green_0091_251.jpg 1 zan 311 598 764 1110 
20180810_iphone_green_0091_286.jpg 1 zan 104 667 685 1407 
20180810_iphone_green_0091_331.jpg 1 zan 200 586 835 1402 
20180810_iphone_green_0077_66.jpg 1 zan 450 667 757 1136 
20180810_iphone_green_0004_436.jpg 1 zan 59 616 778 1641 
20180810_iphone_green_0105_281.jpg 1 zan 128 719 864 1369 
20180810_iphone_green_0062_166.jpg 1 zan 564 312 1023 931 
20180810_iphone_green_0049_621.jpg 1 zan 266 469 850 1193 
20180810_iphone_green_0049_386.jpg 1 zan 59 552 609 1202 
20180810_iphone_green_0004_146.jpg 1 zan 0 488 787 1597 
20180810_iphone_green_0035_306.jpg 1 zan 314 836 707 1331 
20180810_iphone_green_0077_221.jpg 1 zan 588 576 897 1069 
20180810_iphone_green_0049_351.jpg 1 zan 238 829 659 1324 
20180810_iphone_green_0049_421.jpg 1 zan 152 562 685 1190 
20180810_iphone_green_0091_46.jpg 1 zan 445 457 916 1110 
20180810_iphone_green_0022_191.jpg 1 zan 361 605 845 1345 
20180810_iphone_green_0062_366.jpg 1 zan 288 455 761 1083 
20180810_iphone_green_0091_91.jpg 1 zan 378 526 809 1167 
20180810_iphone_green_0035_41.jpg 1 zan 311 338 876 1148 
20180810_iphone_green_0091_131.jpg 1 zan 2 450 784 1512 
20180810_iphone_green_0022_146.jpg 1 zan 257 571 861 1286 
20180810_iphone_green_0004_391.jpg 1 zan 40 498 745 1524 
20180810_iphone_green_0049_151.jpg 1 zan 219 548 954 1481 
20180810_iphone_green_0077_6.jpg 1 zan 181 572 821 1556 
20180810_iphone_green_0004_61.jpg 1 zan 174 422 878 1375 
20180810_iphone_green_0049_186.jpg 1 zan 278 405 845 1052 
20180810_iphone_green_0004_346.jpg 1 zan 0 641 718 1606 
20180810_iphone_green_0022_71.jpg 1 zan 388 824 742 1321 
20180810_iphone_green_0077_196.jpg 1 zan 535 576 907 1148 
20180810_iphone_green_0049_541.jpg 1 zan 104 86 661 793 
20180810_iphone_green_0105_21.jpg 1 zan 228 983 690 1498 
20180810_iphone_green_0062_86.jpg 1 zan 490 493 871 1040 
20180810_iphone_green_0062_51.jpg 1 zan 495 483 928 1052 
20180810_iphone_green_0035_271.jpg 1 zan 245 560 600 1048 
20180810_iphone_green_0077_356.jpg 1 zan 545 524 888 1036 
20180810_iphone_green_0049_226.jpg 1 zan 409 560 794 992 
20180810_iphone_green_0105_321.jpg 1 zan 311 739 738 1140 
20180810_iphone_green_0022_231.jpg 1 zan 273 429 959 1436 
20180810_iphone_green_0091_246.jpg 1 zan 345 579 750 1069 
20180810_iphone_green_0091_291.jpg 1 zan 102 652 700 1436 
20180810_iphone_green_0091_326.jpg 1 zan 180 550 785 1338 
20180810_iphone_green_0077_71.jpg 1 zan 454 657 764 1136 
20180810_iphone_green_0004_421.jpg 1 zan 115 631 771 1597 
20180810_iphone_green_0062_171.jpg 1 zan 559 365 990 967 
20180810_iphone_green_0049_636.jpg 1 zan 447 467 897 976 
20180810_iphone_green_0049_391.jpg 1 zan 128 557 652 1198 
20180810_iphone_green_0004_151.jpg 1 zan 0 488 771 1612 
20180810_iphone_green_0077_236.jpg 1 zan 469 664 773 1138 
20180810_iphone_green_0049_346.jpg 1 zan 259 786 654 1252 
