20180810_iphone_green_0073_151.jpg 1 ok 488 769 721 1274 
20180810_iphone_green_0073_186.jpg 1 ok 478 817 671 1236 
20180810_iphone_green_0073_421.jpg 1 ok 247 452 704 1412 
20180810_iphone_green_0087_346.jpg 1 ok 269 452 900 1276 
20180810_iphone_green_0058_366.jpg 1 ok 188 429 761 1264 
20180810_iphone_green_0018_191.jpg 1 ok 228 653 818 1678 
20180810_iphone_green_0087_391.jpg 1 ok 373 552 961 1302 
20180810_iphone_green_0101_126.jpg 1 ok 116 302 816 1236 
20180810_iphone_green_0031_466.jpg 1 ok 392 407 1054 1307 
20180810_iphone_green_0073_541.jpg 1 ok 338 529 750 1307 
20180810_iphone_green_0058_206.jpg 1 ok 278 464 826 1281 
20180810_iphone_green_0031_116.jpg 1 ok 78 448 1040 1443 
20180810_iphone_green_0010_381.jpg 1 ok 295 593 759 1300 
20180810_iphone_green_0018_231.jpg 1 ok 273 745 902 1769 
20180810_iphone_green_0018_96.jpg 1 ok 234 612 843 1712 
20180810_iphone_green_0101_251.jpg 1 ok 269 776 990 1724 
20180810_iphone_green_0018_41.jpg 1 ok 126 457 888 1521 
20180810_iphone_green_0010_196.jpg 1 ok 359 526 1004 1529 
20180810_iphone_green_0031_301.jpg 1 ok 257 390 964 1262 
20180810_iphone_green_0073_226.jpg 1 ok 65 362 802 1491 
20180810_iphone_green_0073_391.jpg 1 ok 421 636 723 1193 
20180810_iphone_green_0058_61.jpg 1 ok 623 531 935 1081 
20180810_iphone_green_0087_421.jpg 1 ok 45 514 761 1390 
20180810_iphone_green_0073_346.jpg 1 ok 395 717 747 1240 
20180810_iphone_green_0031_261.jpg 1 ok 590 398 1016 1081 
20180810_iphone_green_0073_31.jpg 1 ok 169 581 826 1564 
20180810_iphone_green_0018_351.jpg 1 ok 366 136 857 914 
20180810_iphone_green_0087_186.jpg 1 ok 280 736 930 1495 
20180810_iphone_green_0101_331.jpg 1 ok 302 500 1011 1438 
20180810_iphone_green_0058_171.jpg 1 ok 526 431 973 1081 
20180810_iphone_green_0087_151.jpg 1 ok 371 652 933 1350 
20180810_iphone_green_0073_146.jpg 1 ok 507 717 759 1274 
20180810_iphone_green_0073_191.jpg 1 ok 466 743 697 1226 
20180810_iphone_green_0010_221.jpg 1 ok 359 486 950 1376 
20180810_iphone_green_0073_436.jpg 1 ok 261 481 659 1307 
20180810_iphone_green_0087_351.jpg 1 ok 292 481 900 1281 
20180810_iphone_green_0018_186.jpg 1 ok 180 650 788 1664 
20180810_iphone_green_0058_371.jpg 1 ok 176 417 776 1314 
20180810_iphone_green_0087_386.jpg 1 ok 419 562 983 1295 
20180810_iphone_green_0101_131.jpg 1 ok 102 298 795 1233 
20180810_iphone_green_0031_16.jpg 1 ok 223 343 983 1260 
20180810_iphone_green_0073_556.jpg 1 ok 440 543 928 1410 
20180810_iphone_green_0031_471.jpg 1 ok 407 431 1021 1283 
20180810_iphone_green_0058_211.jpg 1 ok 209 438 790 1312 
20180810_iphone_green_0031_101.jpg 1 ok 478 543 988 1495 
20180810_iphone_green_0010_396.jpg 1 ok 285 595 769 1329 
20180810_iphone_green_0087_11.jpg 1 ok 202 507 695 1071 
20180810_iphone_green_0010_341.jpg 1 ok 166 543 888 1348 
20180810_iphone_green_0018_226.jpg 1 ok 304 762 938 1802 
20180810_iphone_green_0018_81.jpg 1 ok 249 534 834 1659 
20180810_iphone_green_0101_246.jpg 1 ok 347 793 1030 1702 
20180810_iphone_green_0018_56.jpg 1 ok 135 414 869 1474 
20180810_iphone_green_0010_156.jpg 1 ok 252 457 904 1452 
20180810_iphone_green_0010_181.jpg 1 ok 311 590 971 1571 
20180810_iphone_green_0073_231.jpg 1 ok 195 514 819 1471 
20180810_iphone_green_0031_316.jpg 1 ok 426 600 911 1200 
20180810_iphone_green_0073_386.jpg 1 ok 407 598 685 1107 
20180810_iphone_green_0058_76.jpg 1 ok 476 452 950 1164 
20180810_iphone_green_0010_26.jpg 1 ok 273 338 859 1257 
20180810_iphone_green_0087_436.jpg 1 ok 383 543 1035 1317 
20180810_iphone_green_0073_351.jpg 1 ok 419 710 740 1190 
20180810_iphone_green_0073_26.jpg 1 ok 133 602 766 1533 
20180810_iphone_green_0018_346.jpg 1 ok 280 131 752 907 
20180810_iphone_green_0087_191.jpg 1 ok 252 726 900 1490 
20180810_iphone_green_0018_6.jpg 1 ok 128 93 845 1140 
20180810_iphone_green_0101_326.jpg 1 ok 295 455 1009 1400 
20180810_iphone_green_0058_166.jpg 1 ok 545 448 1035 1164 
20180810_iphone_green_0087_146.jpg 1 ok 366 631 933 1326 
20180810_iphone_green_0058_176.jpg 1 ok 488 429 916 1067 
20180810_iphone_green_0018_381.jpg 1 ok 217 355 1022 1600 
20180810_iphone_green_0087_156.jpg 1 ok 371 671 952 1362 
20180810_iphone_green_0073_36.jpg 1 ok 190 569 859 1597 
20180810_iphone_green_0018_356.jpg 1 ok 407 169 926 988 
20180810_iphone_green_0087_181.jpg 1 ok 307 750 945 1495 
20180810_iphone_green_0101_336.jpg 1 ok 233 512 945 1455 
20180810_iphone_green_0058_66.jpg 1 ok 588 512 933 1124 
20180810_iphone_green_0087_426.jpg 1 ok 192 500 907 1386 
20180810_iphone_green_0031_266.jpg 1 ok 557 317 1011 1074 
20180810_iphone_green_0073_341.jpg 1 ok 361 721 752 1290 
20180810_iphone_green_0073_396.jpg 1 ok 421 662 757 1286 
20180810_iphone_green_0010_191.jpg 1 ok 343 544 1012 1541 
20180810_iphone_green_0073_221.jpg 1 ok 0 218 804 1491 
20180810_iphone_green_0031_306.jpg 1 ok 547 555 1040 1281 
20180810_iphone_green_0010_146.jpg 1 ok 265 428 956 1438 
20180810_iphone_green_0018_46.jpg 1 ok 124 438 871 1509 
20180810_iphone_green_0018_236.jpg 1 ok 285 690 904 1698 
20180810_iphone_green_0018_91.jpg 1 ok 292 595 885 1721 
20180810_iphone_green_0101_256.jpg 1 ok 109 767 830 1769 
20180810_iphone_green_0010_386.jpg 1 ok 314 600 769 1307 
20180810_iphone_green_0087_221.jpg 1 ok 57 695 742 1448 
20180810_iphone_green_0073_546.jpg 1 ok 352 543 778 1350 
20180810_iphone_green_0058_201.jpg 1 ok 354 488 852 1245 
20180810_iphone_green_0087_396.jpg 1 ok 302 534 918 1291 
20180810_iphone_green_0101_121.jpg 1 ok 138 302 838 1229 
20180810_iphone_green_0073_426.jpg 1 ok 235 433 692 1388 
20180810_iphone_green_0087_341.jpg 1 ok 230 440 888 1302 
20180810_iphone_green_0018_196.jpg 1 ok 245 657 840 1660 
20180810_iphone_green_0058_361.jpg 1 ok 230 431 790 1252 
20180810_iphone_green_0073_181.jpg 1 ok 498 873 667 1263 
20180810_iphone_green_0073_156.jpg 1 ok 509 833 723 1281 
20180810_iphone_green_0087_141.jpg 1 ok 369 621 930 1317 
20180810_iphone_green_0073_21.jpg 1 ok 102 638 695 1486 
20180810_iphone_green_0018_341.jpg 1 ok 204 205 669 938 
20180810_iphone_green_0018_1.jpg 1 ok 107 55 821 1117 
20180810_iphone_green_0087_196.jpg 1 ok 233 707 892 1471 
20180810_iphone_green_0101_321.jpg 1 ok 283 424 1011 1393 
20180810_iphone_green_0058_71.jpg 1 ok 538 471 950 1133 
20180810_iphone_green_0087_431.jpg 1 ok 295 512 978 1336 
20180810_iphone_green_0010_21.jpg 1 ok 292 345 885 1286 
20180810_iphone_green_0073_356.jpg 1 ok 428 681 723 1133 
20180810_iphone_green_0073_381.jpg 1 ok 402 562 671 1031 
20180810_iphone_green_0010_186.jpg 1 ok 328 557 988 1571 
20180810_iphone_green_0031_311.jpg 1 ok 580 619 1030 1245 
20180810_iphone_green_0073_236.jpg 1 ok 302 624 835 1436 
20180810_iphone_green_0010_151.jpg 1 ok 252 422 921 1419 
20180810_iphone_green_0018_51.jpg 1 ok 128 424 864 1479 
20180810_iphone_green_0101_296.jpg 1 ok 87 550 693 1562 
20180810_iphone_green_0018_221.jpg 1 ok 349 766 993 1819 
20180810_iphone_green_0018_86.jpg 1 ok 293 581 868 1734 
20180810_iphone_green_0101_241.jpg 1 ok 364 848 1014 1750 
20180810_iphone_green_0010_346.jpg 1 ok 61 519 821 1374 
20180810_iphone_green_0010_391.jpg 1 ok 288 600 769 1331 
20180810_iphone_green_0087_16.jpg 1 ok 159 467 685 1076 
20180810_iphone_green_0031_476.jpg 1 ok 254 340 957 1212 
20180810_iphone_green_0073_551.jpg 1 ok 376 548 835 1379 
20180810_iphone_green_0058_216.jpg 1 ok 188 421 795 1364 
20180810_iphone_green_0087_381.jpg 1 ok 435 564 997 1288 
20180810_iphone_green_0101_136.jpg 1 ok 121 298 809 1236 
20180810_iphone_green_0031_11.jpg 1 ok 226 395 945 1262 
20180810_iphone_green_0073_431.jpg 1 ok 247 445 676 1360 
20180810_iphone_green_0087_356.jpg 1 ok 321 500 911 1274 
20180810_iphone_green_0058_376.jpg 1 ok 147 374 764 1298 
20180810_iphone_green_0018_181.jpg 1 ok 146 628 774 1672 
20180810_iphone_green_0073_196.jpg 1 ok 447 676 728 1248 
20180810_iphone_green_0010_226.jpg 1 ok 264 476 876 1338 
20180810_iphone_green_0073_141.jpg 1 ok 550 657 826 1245 
20180810_iphone_green_0073_126.jpg 1 ok 569 640 892 1305 
20180810_iphone_green_0073_456.jpg 1 ok 323 557 630 1143 
20180810_iphone_green_0087_331.jpg 1 ok 102 462 811 1350 
20180810_iphone_green_0058_311.jpg 1 ok 509 476 857 1010 
20180810_iphone_green_0101_151.jpg 1 ok 271 424 854 1298 
20180810_iphone_green_0073_481.jpg 1 ok 309 507 661 1060 
20180810_iphone_green_0031_76.jpg 1 ok 321 667 869 1288 
20180810_iphone_green_0087_251.jpg 1 ok 223 612 904 1326 
20180810_iphone_green_0031_411.jpg 1 ok 569 600 947 1195 
20180810_iphone_green_0073_536.jpg 1 ok 330 538 742 1300 
20180810_iphone_green_0101_16.jpg 1 ok 488 555 938 1338 
20180810_iphone_green_0058_271.jpg 1 ok 526 345 1002 1176 
20180810_iphone_green_0087_286.jpg 1 ok 409 593 1000 1262 
20180810_iphone_green_0031_161.jpg 1 ok 214 681 733 1252 
20180810_iphone_green_0087_71.jpg 1 ok 54 638 580 1279 
20180810_iphone_green_0010_321.jpg 1 ok 145 705 950 1329 
20180810_iphone_green_0018_246.jpg 1 ok 378 481 959 1466 
20180810_iphone_green_0018_291.jpg 1 ok 269 576 930 1610 
20180810_iphone_green_0018_36.jpg 1 ok 161 455 914 1512 
20180810_iphone_green_0073_286.jpg 1 ok 307 681 673 1333 
20180810_iphone_green_0073_251.jpg 1 ok 373 805 709 1350 
20180810_iphone_green_0087_481.jpg 1 ok 276 550 980 1369 
20180810_iphone_green_0010_91.jpg 1 ok 309 407 1000 1426 
20180810_iphone_green_0058_16.jpg 1 ok 528 348 1038 1231 
20180810_iphone_green_0010_46.jpg 1 ok 297 395 909 1319 
20180810_iphone_green_0087_456.jpg 1 ok 438 567 940 1188 
20180810_iphone_green_0073_331.jpg 1 ok 242 674 721 1400 
20180810_iphone_green_0031_216.jpg 1 ok 123 524 871 1207 
20180810_iphone_green_0018_326.jpg 1 ok 102 405 604 1160 
20180810_iphone_green_0073_46.jpg 1 ok 134 562 768 1597 
20180810_iphone_green_0101_346.jpg 1 ok 65 556 712 1534 
20180810_iphone_green_0073_91.jpg 1 ok 373 588 1004 1507 
20180810_iphone_green_0087_126.jpg 1 ok 292 631 835 1288 
20180810_iphone_green_0073_131.jpg 1 ok 578 629 888 1276 
20180810_iphone_green_0010_256.jpg 1 ok 188 595 828 1548 
20180810_iphone_green_0073_441.jpg 1 ok 278 524 638 1274 
20180810_iphone_green_0087_326.jpg 1 ok 21 471 747 1369 
20180810_iphone_green_0058_306.jpg 1 ok 521 464 873 988 
20180810_iphone_green_0101_146.jpg 1 ok 271 369 902 1286 
20180810_iphone_green_0073_496.jpg 1 ok 300 448 771 1167 
20180810_iphone_green_0031_61.jpg 1 ok 350 664 857 1410 
20180810_iphone_green_0087_246.jpg 1 ok 161 629 850 1371 
20180810_iphone_green_0073_521.jpg 1 ok 304 500 733 1243 
20180810_iphone_green_0031_406.jpg 1 ok 533 576 923 1155 
20180810_iphone_green_0058_266.jpg 1 ok 507 286 976 1188 
20180810_iphone_green_0087_291.jpg 1 ok 378 588 966 1279 
20180810_iphone_green_0031_176.jpg 1 ok 52 836 761 1307 
20180810_iphone_green_0087_66.jpg 1 ok 73 629 602 1274 
20180810_iphone_green_0010_336.jpg 1 ok 195 593 902 1317 
20180810_iphone_green_0018_251.jpg 1 ok 452 383 1019 1350 
20180810_iphone_green_0101_231.jpg 1 ok 361 993 976 1871 
20180810_iphone_green_0018_286.jpg 1 ok 281 469 912 1512 
20180810_iphone_green_0018_21.jpg 1 ok 257 321 973 1350 
20180810_iphone_green_0087_6.jpg 1 ok 245 531 707 1057 
20180810_iphone_green_0010_121.jpg 1 ok 196 403 912 1453 
20180810_iphone_green_0073_291.jpg 1 ok 314 610 750 1379 
20180810_iphone_green_0073_246.jpg 1 ok 383 764 771 1386 
20180810_iphone_green_0058_1.jpg 1 ok 290 375 890 1375 
20180810_iphone_green_0010_86.jpg 1 ok 345 407 1047 1431 
20180810_iphone_green_0010_51.jpg 1 ok 276 410 919 1352 
20180810_iphone_green_0087_441.jpg 1 ok 433 555 1040 1281 
20180810_iphone_green_0073_326.jpg 1 ok 214 605 747 1433 
20180810_iphone_green_0018_331.jpg 1 ok 135 424 597 1152 
20180810_iphone_green_0073_51.jpg 1 ok 135 531 740 1574 
20180810_iphone_green_0101_351.jpg 1 ok 85 574 726 1557 
20180810_iphone_green_0087_131.jpg 1 ok 333 629 883 1271 
20180810_iphone_green_0073_96.jpg 1 ok 316 612 933 1524 
20180810_iphone_green_0087_121.jpg 1 ok 254 629 788 1281 
20180810_iphone_green_0018_321.jpg 1 ok 107 390 657 1229 
20180810_iphone_green_0073_41.jpg 1 ok 171 564 828 1595 
20180810_iphone_green_0101_341.jpg 1 ok 100 536 759 1512 
20180810_iphone_green_0058_11.jpg 1 ok 409 353 978 1309 
20180810_iphone_green_0087_451.jpg 1 ok 457 562 971 1195 
20180810_iphone_green_0010_41.jpg 1 ok 290 348 883 1248 
20180810_iphone_green_0031_211.jpg 1 ok 142 469 928 1262 
20180810_iphone_green_0073_336.jpg 1 ok 304 700 733 1338 
20180810_iphone_green_0010_96.jpg 1 ok 284 422 981 1434 
20180810_iphone_green_0087_486.jpg 1 ok 92 426 885 1379 
20180810_iphone_green_0073_256.jpg 1 ok 354 836 645 1326 
20180810_iphone_green_0010_131.jpg 1 ok 166 417 869 1429 
20180810_iphone_green_0073_281.jpg 1 ok 297 774 611 1360 
20180810_iphone_green_0018_296.jpg 1 ok 228 600 921 1659 
20180810_iphone_green_0018_31.jpg 1 ok 214 462 959 1486 
20180810_iphone_green_0018_241.jpg 1 ok 330 583 928 1593 
20180810_iphone_green_0010_326.jpg 1 ok 130 619 871 1252 
20180810_iphone_green_0031_166.jpg 1 ok 176 674 721 1279 
20180810_iphone_green_0087_76.jpg 1 ok 52 633 571 1276 
20180810_iphone_green_0087_281.jpg 1 ok 426 595 1028 1262 
20180810_iphone_green_0087_256.jpg 1 ok 252 614 919 1321 
20180810_iphone_green_0073_531.jpg 1 ok 326 526 740 1281 
20180810_iphone_green_0031_416.jpg 1 ok 438 533 935 1210 
20180810_iphone_green_0101_11.jpg 1 ok 528 569 1033 1393 
20180810_iphone_green_0058_276.jpg 1 ok 523 393 988 1152 
20180810_iphone_green_0073_486.jpg 1 ok 288 481 678 1088 
20180810_iphone_green_0101_156.jpg 1 ok 235 490 778 1350 
20180810_iphone_green_0031_71.jpg 1 ok 297 669 885 1314 
20180810_iphone_green_0073_451.jpg 1 ok 321 583 621 1195 
20180810_iphone_green_0087_336.jpg 1 ok 169 443 859 1321 
20180810_iphone_green_0058_316.jpg 1 ok 497 493 842 1014 
20180810_iphone_green_0010_246.jpg 1 ok 50 624 671 1460 
20180810_iphone_green_0073_121.jpg 1 ok 542 624 909 1357 
20180810_iphone_green_0087_136.jpg 1 ok 350 624 911 1302 
20180810_iphone_green_0018_336.jpg 1 ok 157 355 609 1079 
20180810_iphone_green_0073_56.jpg 1 ok 159 481 734 1544 
20180810_iphone_green_0101_356.jpg 1 ok 85 621 695 1619 
20180810_iphone_green_0087_446.jpg 1 ok 459 569 1030 1250 
20180810_iphone_green_0010_56.jpg 1 ok 280 388 940 1369 
20180810_iphone_green_0073_321.jpg 1 ok 228 531 826 1514 
20180810_iphone_green_0031_206.jpg 1 ok 190 352 1038 1298 
20180810_iphone_green_0058_6.jpg 1 ok 340 362 934 1344 
20180810_iphone_green_0073_241.jpg 1 ok 366 710 819 1412 
20180810_iphone_green_0010_126.jpg 1 ok 152 412 869 1448 
20180810_iphone_green_0073_296.jpg 1 ok 314 548 823 1452 
20180810_iphone_green_0018_281.jpg 1 ok 273 374 895 1386 
20180810_iphone_green_0018_26.jpg 1 ok 257 424 980 1431 
20180810_iphone_green_0087_1.jpg 1 ok 304 538 730 1043 
20180810_iphone_green_0018_256.jpg 1 ok 471 288 1035 1252 
20180810_iphone_green_0101_236.jpg 1 ok 388 917 1009 1810 
20180810_iphone_green_0010_331.jpg 1 ok 173 621 897 1293 
20180810_iphone_green_0031_171.jpg 1 ok 121 705 704 1281 
20180810_iphone_green_0087_61.jpg 1 ok 88 610 623 1271 
20180810_iphone_green_0087_296.jpg 1 ok 323 586 947 1281 
20180810_iphone_green_0087_241.jpg 1 ok 76 643 771 1390 
20180810_iphone_green_0073_526.jpg 1 ok 326 519 742 1264 
20180810_iphone_green_0058_261.jpg 1 ok 418 191 931 1184 
20180810_iphone_green_0073_491.jpg 1 ok 304 462 745 1143 
20180810_iphone_green_0101_141.jpg 1 ok 204 333 876 1262 
20180810_iphone_green_0031_66.jpg 1 ok 361 669 861 1364 
20180810_iphone_green_0073_446.jpg 1 ok 300 560 619 1238 
20180810_iphone_green_0058_301.jpg 1 ok 535 433 895 979 
20180810_iphone_green_0010_251.jpg 1 ok 130 631 759 1507 
20180810_iphone_green_0073_136.jpg 1 ok 571 633 866 1255 
20180810_iphone_green_0087_106.jpg 1 ok 157 631 692 1290 
20180810_iphone_green_0073_66.jpg 1 ok 283 433 885 1493 
20180810_iphone_green_0018_306.jpg 1 ok 156 453 834 1478 
20180810_iphone_green_0087_476.jpg 1 ok 335 621 957 1362 
20180810_iphone_green_0010_66.jpg 1 ok 335 400 1035 1407 
20180810_iphone_green_0073_311.jpg 1 ok 143 450 856 1638 
20180810_iphone_green_0031_236.jpg 1 ok 276 376 835 1005 
20180810_iphone_green_0058_36.jpg 1 ok 709 488 976 1057 
20180810_iphone_green_0073_271.jpg 1 ok 261 869 511 1350 
20180810_iphone_green_0010_116.jpg 1 ok 209 391 928 1444 
20180810_iphone_green_0018_16.jpg 1 ok 214 226 928 1248 
20180810_iphone_green_0018_266.jpg 1 ok 397 262 969 1229 
20180810_iphone_green_0087_86.jpg 1 ok 152 614 666 1271 
20180810_iphone_green_0087_51.jpg 1 ok 111 571 676 1250 
20180810_iphone_green_0058_286.jpg 1 ok 530 386 945 1038 
20180810_iphone_green_0058_251.jpg 1 ok 171 44 796 1222 
20180810_iphone_green_0101_36.jpg 1 ok 295 576 747 1290 
20180810_iphone_green_0087_271.jpg 1 ok 383 621 1009 1298 
20180810_iphone_green_0031_431.jpg 1 ok 116 457 838 1307 
20180810_iphone_green_0073_516.jpg 1 ok 295 495 733 1233 
20180810_iphone_green_0031_56.jpg 1 ok 233 610 909 1462 
20180810_iphone_green_0101_171.jpg 1 ok 57 721 695 1579 
20180810_iphone_green_0058_331.jpg 1 ok 457 471 842 1036 
20180810_iphone_green_0031_81.jpg 1 ok 335 657 904 1295 
20180810_iphone_green_0073_476.jpg 1 ok 307 529 635 1067 
20180810_iphone_green_0087_311.jpg 1 ok 28 517 750 1367 
20180810_iphone_green_0010_261.jpg 1 ok 230 526 1009 1562 
20180810_iphone_green_0073_106.jpg 1 ok 390 636 926 1483 
20180810_iphone_green_0087_111.jpg 1 ok 171 636 714 1262 
20180810_iphone_green_0018_311.jpg 1 ok 109 433 764 1402 
20180810_iphone_green_0087_461.jpg 1 ok 409 583 909 1188 
20180810_iphone_green_0031_221.jpg 1 ok 140 533 845 1126 
20180810_iphone_green_0073_306.jpg 1 ok 195 474 880 1610 
20180810_iphone_green_0058_441.jpg 1 ok 495 500 847 1195 
20180810_iphone_green_0073_266.jpg 1 ok 285 869 535 1331 
20180810_iphone_green_0031_341.jpg 1 ok 538 638 964 1243 
20180810_iphone_green_0031_396.jpg 1 ok 252 586 728 1133 
20180810_iphone_green_0010_101.jpg 1 ok 268 416 974 1450 
20180810_iphone_green_0031_1.jpg 1 ok 245 510 919 1290 
20180810_iphone_green_0018_271.jpg 1 ok 314 312 909 1307 
20180810_iphone_green_0087_91.jpg 1 ok 192 602 723 1264 
20180810_iphone_green_0031_181.jpg 1 ok 33 843 830 1376 
20180810_iphone_green_0087_46.jpg 1 ok 95 533 678 1219 
20180810_iphone_green_0031_156.jpg 1 ok 219 743 707 1243 
20180810_iphone_green_0058_291.jpg 1 ok 542 389 942 994 
20180810_iphone_green_0101_21.jpg 1 ok 364 524 897 1288 
20180810_iphone_green_0058_246.jpg 1 ok 134 100 781 1284 
20180810_iphone_green_0087_266.jpg 1 ok 333 617 988 1305 
20180810_iphone_green_0073_501.jpg 1 ok 307 467 792 1212 
20180810_iphone_green_0031_426.jpg 1 ok 59 533 721 1293 
20180810_iphone_green_0101_166.jpg 1 ok 111 624 716 1500 
20180810_iphone_green_0058_326.jpg 1 ok 476 486 842 1036 
20180810_iphone_green_0031_96.jpg 1 ok 526 607 938 1469 
20180810_iphone_green_0073_461.jpg 1 ok 326 555 640 1112 
20180810_iphone_green_0087_306.jpg 1 ok 130 529 816 1345 
20180810_iphone_green_0073_111.jpg 1 ok 457 638 923 1438 
20180810_iphone_green_0073_101.jpg 1 ok 326 621 909 1500 
20180810_iphone_green_0010_266.jpg 1 ok 237 534 1015 1534 
20180810_iphone_green_0058_336.jpg 1 ok 447 460 850 1052 
20180810_iphone_green_0031_86.jpg 1 ok 373 621 945 1329 
20180810_iphone_green_0073_471.jpg 1 ok 323 548 635 1064 
20180810_iphone_green_0031_51.jpg 1 ok 92 517 988 1486 
20180810_iphone_green_0101_31.jpg 1 ok 295 538 845 1290 
20180810_iphone_green_0087_276.jpg 1 ok 411 612 1021 1276 
20180810_iphone_green_0073_511.jpg 1 ok 285 495 745 1236 
20180810_iphone_green_0058_281.jpg 1 ok 504 395 945 1100 
20180810_iphone_green_0087_56.jpg 1 ok 104 588 654 1250 
20180810_iphone_green_0031_146.jpg 1 ok 121 890 692 1279 
20180810_iphone_green_0087_81.jpg 1 ok 76 633 588 1271 
20180810_iphone_green_0018_261.jpg 1 ok 454 238 1016 1212 
20180810_iphone_green_0018_11.jpg 1 ok 185 171 880 1181 
20180810_iphone_green_0010_111.jpg 1 ok 246 400 971 1459 
20180810_iphone_green_0073_276.jpg 1 ok 269 838 542 1360 
20180810_iphone_green_0031_351.jpg 1 ok 133 469 892 1319 
20180810_iphone_green_0010_61.jpg 1 ok 302 390 978 1390 
20180810_iphone_green_0087_471.jpg 1 ok 390 629 940 1302 
20180810_iphone_green_0031_231.jpg 1 ok 254 371 838 1031 
20180810_iphone_green_0073_316.jpg 1 ok 178 462 846 1578 
20180810_iphone_green_0058_31.jpg 1 ok 721 450 1023 1057 
20180810_iphone_green_0058_451.jpg 1 ok 542 486 859 1079 
20180810_iphone_green_0101_361.jpg 1 ok 57 686 640 1671 
20180810_iphone_green_0073_61.jpg 1 ok 193 447 765 1519 
20180810_iphone_green_0018_301.jpg 1 ok 183 517 890 1574 
20180810_iphone_green_0087_101.jpg 1 ok 147 626 685 1286 
20180810_iphone_green_0073_116.jpg 1 ok 507 624 914 1379 
20180810_iphone_green_0058_321.jpg 1 ok 485 495 845 1024 
20180810_iphone_green_0031_91.jpg 1 ok 495 605 930 1376 
20180810_iphone_green_0073_466.jpg 1 ok 333 548 650 1088 
20180810_iphone_green_0087_301.jpg 1 ok 238 564 890 1321 
20180810_iphone_green_0018_101.jpg 1 ok 159 625 802 1753 
20180810_iphone_green_0101_161.jpg 1 ok 188 550 733 1424 
20180810_iphone_green_0101_26.jpg 1 ok 328 519 885 1262 
20180810_iphone_green_0058_241.jpg 1 ok 149 181 790 1334 
20180810_iphone_green_0087_261.jpg 1 ok 292 614 947 1302 
20180810_iphone_green_0031_421.jpg 1 ok 202 488 804 1210 
20180810_iphone_green_0073_506.jpg 1 ok 292 483 769 1219 
20180810_iphone_green_0058_296.jpg 1 ok 542 405 923 979 
20180810_iphone_green_0087_41.jpg 1 ok 69 457 669 1188 
20180810_iphone_green_0031_151.jpg 1 ok 130 890 678 1262 
20180810_iphone_green_0087_96.jpg 1 ok 200 619 728 1269 
20180810_iphone_green_0031_186.jpg 1 ok 54 817 890 1376 
20180810_iphone_green_0018_276.jpg 1 ok 278 324 880 1333 
20180810_iphone_green_0031_6.jpg 1 ok 216 471 907 1283 
20180810_iphone_green_0031_391.jpg 1 ok 207 569 733 1162 
20180810_iphone_green_0010_106.jpg 1 ok 259 412 978 1459 
20180810_iphone_green_0031_346.jpg 1 ok 383 571 916 1276 
20180810_iphone_green_0073_261.jpg 1 ok 321 855 585 1319 
20180810_iphone_green_0087_466.jpg 1 ok 404 610 914 1245 
20180810_iphone_green_0073_301.jpg 1 ok 280 500 878 1526 
20180810_iphone_green_0031_226.jpg 1 ok 207 414 842 1057 
20180810_iphone_green_0058_446.jpg 1 ok 521 498 859 1119 
20180810_iphone_green_0018_316.jpg 1 ok 107 419 704 1300 
20180810_iphone_green_0087_116.jpg 1 ok 214 636 750 1295 
20180810_iphone_green_0087_171.jpg 1 ok 342 712 954 1457 
20180810_iphone_green_0101_311.jpg 1 ok 261 383 933 1402 
20180810_iphone_green_0018_371.jpg 1 ok 354 302 1019 1340 
20180810_iphone_green_0058_186.jpg 1 ok 440 471 861 1107 
20180810_iphone_green_0073_11.jpg 1 ok 180 602 697 1329 
20180810_iphone_green_0087_401.jpg 1 ok 214 514 859 1310 
20180810_iphone_green_0010_11.jpg 1 ok 302 381 902 1298 
20180810_iphone_green_0073_366.jpg 1 ok 416 612 683 1045 
20180810_iphone_green_0031_241.jpg 1 ok 285 483 807 1005 
20180810_iphone_green_0058_41.jpg 1 ok 695 514 959 1067 
20180810_iphone_green_0031_296.jpg 1 ok 2 290 861 1260 
20180810_iphone_green_0031_321.jpg 1 ok 269 607 766 1179 
20180810_iphone_green_0073_206.jpg 1 ok 357 481 790 1293 
20180810_iphone_green_0010_161.jpg 1 ok 257 488 895 1495 
20180810_iphone_green_0018_61.jpg 1 ok 152 412 895 1505 
20180810_iphone_green_0018_211.jpg 1 ok 392 707 1021 1731 
20180810_iphone_green_0010_376.jpg 1 ok 276 583 738 1321 
20180810_iphone_green_0087_26.jpg 1 ok 119 440 721 1145 
20180810_iphone_green_0073_6.jpg 1 ok 259 574 747 1250 
20180810_iphone_green_0101_96.jpg 1 ok 116 274 742 1121 
20180810_iphone_green_0101_41.jpg 1 ok 195 548 711 1295 
20180810_iphone_green_0058_226.jpg 1 ok 221 321 885 1364 
20180810_iphone_green_0087_206.jpg 1 ok 159 698 814 1448 
20180810_iphone_green_0073_561.jpg 1 ok 497 505 1007 1405 
20180810_iphone_green_0031_21.jpg 1 ok 204 305 1014 1293 
20180810_iphone_green_0018_166.jpg 1 ok 88 624 771 1698 
20180810_iphone_green_0101_106.jpg 1 ok 240 256 874 1153 
20180810_iphone_green_0058_346.jpg 1 ok 404 455 864 1119 
20180810_iphone_green_0073_401.jpg 1 ok 421 650 783 1340 
20180810_iphone_green_0087_366.jpg 1 ok 388 533 964 1267 
20180810_iphone_green_0010_216.jpg 1 ok 390 498 959 1424 
20180810_iphone_green_0073_171.jpg 1 ok 542 924 716 1302 
20180810_iphone_green_0087_166.jpg 1 ok 357 710 961 1419 
20180810_iphone_green_0058_146.jpg 1 ok 411 274 1028 1267 
20180810_iphone_green_0101_306.jpg 1 ok 259 406 909 1425 
20180810_iphone_green_0058_191.jpg 1 ok 428 483 869 1140 
20180810_iphone_green_0018_366.jpg 1 ok 380 283 983 1200 
20180810_iphone_green_0087_416.jpg 1 ok 61 519 790 1374 
20180810_iphone_green_0031_256.jpg 1 ok 473 440 971 1071 
20180810_iphone_green_0073_371.jpg 1 ok 404 576 666 1021 
20180810_iphone_green_0058_56.jpg 1 ok 659 548 928 1081 
20180810_iphone_green_0058_436.jpg 1 ok 457 498 845 1200 
20180810_iphone_green_0058_81.jpg 1 ok 397 440 926 1221 
20180810_iphone_green_0073_211.jpg 1 ok 259 340 823 1312 
20180810_iphone_green_0031_336.jpg 1 ok 476 629 871 1198 
20180810_iphone_green_0010_176.jpg 1 ok 292 602 942 1579 
20180810_iphone_green_0018_76.jpg 1 ok 212 456 828 1578 
20180810_iphone_green_0018_206.jpg 1 ok 306 672 893 1672 
20180810_iphone_green_0010_406.jpg 1 ok 280 574 788 1333 
20180810_iphone_green_0010_361.jpg 1 ok 76 500 735 1348 
20180810_iphone_green_0087_31.jpg 1 ok 66 426 678 1145 
20180810_iphone_green_0010_6.jpg 1 ok 283 371 880 1312 
20180810_iphone_green_0031_121.jpg 1 ok 135 505 1002 1433 
20180810_iphone_green_0031_486.jpg 1 ok 190 467 785 1148 
20180810_iphone_green_0058_231.jpg 1 ok 209 272 890 1366 
20180810_iphone_green_0087_211.jpg 1 ok 119 698 788 1438 
20180810_iphone_green_0031_451.jpg 1 ok 52 279 895 1224 
20180810_iphone_green_0018_171.jpg 1 ok 128 625 787 1691 
20180810_iphone_green_0101_111.jpg 1 ok 264 279 909 1176 
20180810_iphone_green_0058_351.jpg 1 ok 361 448 857 1167 
20180810_iphone_green_0073_416.jpg 1 ok 281 500 724 1434 
20180810_iphone_green_0087_371.jpg 1 ok 423 548 983 1279 
20180810_iphone_green_0010_201.jpg 1 ok 373 529 1011 1512 
20180810_iphone_green_0073_166.jpg 1 ok 540 910 723 1305 
20180810_iphone_green_0073_176.jpg 1 ok 528 912 695 1290 
20180810_iphone_green_0010_211.jpg 1 ok 366 514 990 1479 
20180810_iphone_green_0058_341.jpg 1 ok 433 452 861 1081 
20180810_iphone_green_0073_406.jpg 1 ok 388 610 778 1386 
20180810_iphone_green_0087_361.jpg 1 ok 347 521 933 1279 
20180810_iphone_green_0031_26.jpg 1 ok 206 259 1028 1319 
20180810_iphone_green_0018_161.jpg 1 ok 43 628 749 1741 
20180810_iphone_green_0101_101.jpg 1 ok 173 252 804 1124 
20180810_iphone_green_0058_221.jpg 1 ok 214 376 861 1390 
20180810_iphone_green_0087_201.jpg 1 ok 192 702 852 1457 
20180810_iphone_green_0087_21.jpg 1 ok 161 452 721 1110 
20180810_iphone_green_0073_1.jpg 1 ok 364 531 821 1181 
20180810_iphone_green_0010_371.jpg 1 ok 238 567 754 1345 
20180810_iphone_green_0018_66.jpg 1 ok 176 374 919 1526 
20180810_iphone_green_0010_166.jpg 1 ok 254 521 873 1507 
20180810_iphone_green_0073_201.jpg 1 ok 421 600 773 1281 
20180810_iphone_green_0031_326.jpg 1 ok 278 645 745 1162 
20180810_iphone_green_0058_91.jpg 1 ok 257 386 857 1290 
20180810_iphone_green_0010_16.jpg 1 ok 297 367 885 1283 
20180810_iphone_green_0087_406.jpg 1 ok 133 502 821 1336 
20180810_iphone_green_0031_246.jpg 1 ok 326 555 833 1014 
20180810_iphone_green_0073_361.jpg 1 ok 421 648 707 1076 
20180810_iphone_green_0058_46.jpg 1 ok 673 538 916 1060 
20180810_iphone_green_0101_316.jpg 1 ok 273 402 983 1381 
20180810_iphone_green_0058_181.jpg 1 ok 454 450 876 1071 
20180810_iphone_green_0073_16.jpg 1 ok 107 636 659 1424 
20180810_iphone_green_0087_176.jpg 1 ok 321 731 957 1481 
20180810_iphone_green_0073_161.jpg 1 ok 540 883 733 1310 
20180810_iphone_green_0010_206.jpg 1 ok 385 538 1026 1514 
20180810_iphone_green_0058_356.jpg 1 ok 307 445 835 1219 
20180810_iphone_green_0073_411.jpg 1 ok 326 557 742 1421 
20180810_iphone_green_0087_376.jpg 1 ok 442 567 997 1279 
20180810_iphone_green_0031_31.jpg 1 ok 180 245 978 1350 
20180810_iphone_green_0058_381.jpg 1 ok 107 317 735 1276 
20180810_iphone_green_0018_176.jpg 1 ok 147 619 800 1683 
20180810_iphone_green_0101_116.jpg 1 ok 218 262 918 1197 
20180810_iphone_green_0058_236.jpg 1 ok 193 212 837 1325 
20180810_iphone_green_0087_216.jpg 1 ok 88 702 778 1429 
20180810_iphone_green_0031_456.jpg 1 ok 42 338 861 1236 
20180810_iphone_green_0031_481.jpg 1 ok 166 402 821 1140 
20180810_iphone_green_0087_36.jpg 1 ok 61 421 671 1157 
20180810_iphone_green_0010_1.jpg 1 ok 271 367 876 1279 
20180810_iphone_green_0010_366.jpg 1 ok 154 543 728 1324 
20180810_iphone_green_0018_201.jpg 1 ok 249 656 852 1678 
20180810_iphone_green_0010_401.jpg 1 ok 269 581 761 1331 
20180810_iphone_green_0018_71.jpg 1 ok 184 375 856 1541 
20180810_iphone_green_0010_171.jpg 1 ok 266 555 900 1524 
20180810_iphone_green_0031_331.jpg 1 ok 359 612 828 1195 
20180810_iphone_green_0073_216.jpg 1 ok 137 228 852 1397 
20180810_iphone_green_0058_86.jpg 1 ok 321 419 880 1257 
20180810_iphone_green_0087_411.jpg 1 ok 78 505 802 1343 
20180810_iphone_green_0073_376.jpg 1 ok 402 555 661 1012 
20180810_iphone_green_0031_251.jpg 1 ok 361 526 883 1029 
20180810_iphone_green_0058_431.jpg 1 ok 407 476 826 1233 
20180810_iphone_green_0058_51.jpg 1 ok 671 552 909 1062 
20180810_iphone_green_0101_301.jpg 1 ok 188 493 814 1531 
20180810_iphone_green_0018_361.jpg 1 ok 414 236 961 1093 
20180810_iphone_green_0058_196.jpg 1 ok 404 498 864 1188 
20180810_iphone_green_0087_161.jpg 1 ok 373 690 957 1398 
20180810_iphone_green_0058_141.jpg 1 ok 312 188 962 1303 
