20180703___alifive___0231_171.jpg 2 five 47 645 398 964 382 463 641 780 
20180703___alifive___0023_81.jpg 2 five 367 681 545 884 149 628 345 857 
20180703___alifive___0188_186.jpg 2 five 93 428 318 666 334 416 566 648 
20180703___alifive___0057_6.jpg 2 five 46 407 246 603 463 383 669 578 
20180703___alifive___0216_96.jpg 2 five 24 318 382 761 392 486 649 804 
20180703___alifive___0282_106.jpg 2 five 6 948 470 1609 502 793 1010 1503 
20180703___alifive___0187_261.jpg 2 five 141 439 323 663 363 441 541 659 
20180703___alifive___0057_66.jpg 2 five 185 391 356 586 485 402 664 594 
20180703___alifive___0230_51.jpg 2 five 18 785 382 1206 459 832 832 1185 
20180703___alifive___0262_71.jpg 2 five 145 102 523 570 61 528 364 806 
20180703___alifive___0012_6.jpg 2 five 65 790 243 1042 465 808 657 1042 