20180810_iphone_green_0020_271.jpg 1 rock 295 481 764 1348 
20180810_iphone_green_0033_371.jpg 1 rock 300 569 879 1197 
20180810_iphone_green_0104_261.jpg 1 rock 561 836 954 1219 
20180810_iphone_green_0047_526.jpg 1 rock 485 143 771 800 
20180810_iphone_green_0103_221.jpg 1 rock 252 388 909 1559 
20180810_iphone_green_0076_216.jpg 1 rock 335 600 1021 1476 
20180810_iphone_green_0034_331.jpg 1 rock 292 986 780 1507 
20180810_iphone_green_0104_86.jpg 1 rock 378 694 840 1206 
20180810_iphone_green_0089_271.jpg 1 rock 450 671 921 1514 
20180810_iphone_green_0075_316.jpg 1 rock 707 821 965 1283 
20180810_iphone_green_0012_21.jpg 1 rock 264 581 769 1498 
20180810_iphone_green_0090_36.jpg 1 rock 202 509 962 1606 
20180810_iphone_green_0034_251.jpg 1 rock 223 726 769 1286 
20180810_iphone_green_0076_376.jpg 1 rock 330 621 726 1071 
20180810_iphone_green_0021_466.jpg 1 rock 307 310 926 1086 
20180810_iphone_green_0075_86.jpg 1 rock 675 497 964 1004 
20180810_iphone_green_0048_206.jpg 1 rock 538 831 1059 1412 
20180810_iphone_green_0089_311.jpg 1 rock 506 638 769 1121 
20180810_iphone_green_0034_31.jpg 1 rock 52 874 811 1676 
20180810_iphone_green_0034_286.jpg 1 rock 159 779 1023 1652 
20180810_iphone_green_0103_396.jpg 1 rock 490 456 835 953 
20180810_iphone_green_0047_136.jpg 1 rock 378 529 876 1514 
20180810_iphone_green_0075_51.jpg 1 rock 215 291 756 1466 
20180810_iphone_green_0021_116.jpg 1 rock 114 302 547 969 
20180810_iphone_green_0020_311.jpg 1 rock 190 364 659 1302 
20180810_iphone_green_0047_491.jpg 1 rock 500 645 811 1302 
20180810_iphone_green_0060_131.jpg 1 rock 366 757 773 1374 
20180810_iphone_green_0104_301.jpg 1 rock 283 590 880 1164 
20180810_iphone_green_0047_446.jpg 1 rock 195 617 533 1295 
20180810_iphone_green_0047_321.jpg 1 rock 247 964 757 1817 
20180810_iphone_green_0089_106.jpg 1 rock 523 469 938 1267 
20180810_iphone_green_0104_466.jpg 1 rock 159 512 978 1522 
20180810_iphone_green_0103_181.jpg 1 rock 586 472 847 1043 
20180810_iphone_green_0089_16.jpg 1 rock 407 552 745 1221 
20180810_iphone_green_0020_476.jpg 1 rock 321 460 732 1173 
20180810_iphone_green_0103_156.jpg 1 rock 476 848 771 1250 
20180810_iphone_green_0033_11.jpg 1 rock 428 607 852 1195 
20180810_iphone_green_0012_291.jpg 1 rock 411 631 1030 1379 
20180810_iphone_green_0061_31.jpg 1 rock 180 617 828 1395 
20180810_iphone_green_0104_116.jpg 1 rock 354 814 740 1283 
20180810_iphone_green_0061_121.jpg 1 rock 314 574 871 1210 
20180810_iphone_green_0020_51.jpg 1 rock 335 793 823 1657 
20180810_iphone_green_0047_21.jpg 1 rock 128 571 811 1562 
20180810_iphone_green_0012_246.jpg 1 rock 245 486 861 1355 
20180810_iphone_green_0020_86.jpg 1 rock 330 607 911 1667 
20180810_iphone_green_0103_426.jpg 1 rock 409 638 757 1324 
20180810_iphone_green_0020_106.jpg 1 rock 283 624 764 1250 
20180810_iphone_green_0090_111.jpg 1 rock 276 781 735 1290 
20180810_iphone_green_0075_471.jpg 1 rock 345 355 902 1324 
20180810_iphone_green_0033_166.jpg 1 rock 345 450 730 1076 
20180810_iphone_green_0034_481.jpg 1 rock 235 1124 683 1748 
20180810_iphone_green_0060_246.jpg 1 rock 528 719 898 1278 
20180810_iphone_green_0048_401.jpg 1 rock 373 955 764 1462 
20180810_iphone_green_0012_326.jpg 1 rock 169 319 842 1319 
20180810_iphone_green_0103_71.jpg 1 rock 202 303 793 1541 
20180810_iphone_green_0060_291.jpg 1 rock 471 483 919 1207 
20180810_iphone_green_0034_456.jpg 1 rock 57 645 614 1264 
20180810_iphone_green_0021_261.jpg 1 rock 390 348 1047 1105 
20180810_iphone_green_0047_241.jpg 1 rock 300 500 673 1326 
20180810_iphone_green_0021_11.jpg 1 rock 169 560 666 1202 
20180810_iphone_green_0060_71.jpg 1 rock 452 438 1040 1307 
20180810_iphone_green_0033_416.jpg 1 rock 337 492 853 1147 
20180810_iphone_green_0104_506.jpg 1 rock 357 838 876 1500 
20180810_iphone_green_0075_101.jpg 1 rock 755 631 1025 1095 
20180810_iphone_green_0048_171.jpg 1 rock 557 781 923 1283 
20180810_iphone_green_0047_296.jpg 1 rock 297 876 723 1783 
20180810_iphone_green_0020_516.jpg 1 rock 321 274 800 1095 
20180810_iphone_green_0020_266.jpg 1 rock 314 429 788 1267 
20180810_iphone_green_0012_126.jpg 1 rock 250 471 1050 1576 
20180810_iphone_green_0104_276.jpg 1 rock 445 748 888 1162 
20180810_iphone_green_0033_366.jpg 1 rock 411 654 867 1206 
20180810_iphone_green_0047_531.jpg 1 rock 502 117 792 755 
20180810_iphone_green_0034_326.jpg 1 rock 280 1007 759 1533 
20180810_iphone_green_0076_201.jpg 1 rock 390 602 995 1429 
20180810_iphone_green_0048_371.jpg 1 rock 369 557 985 1319 
20180810_iphone_green_0104_91.jpg 1 rock 433 774 861 1260 
20180810_iphone_green_0089_266.jpg 1 rock 464 655 933 1514 
20180810_iphone_green_0012_36.jpg 1 rock 326 652 830 1540 
20180810_iphone_green_0076_361.jpg 1 rock 371 683 735 1100 
20180810_iphone_green_0103_356.jpg 1 rock 321 569 740 1248 
20180810_iphone_green_0090_21.jpg 1 rock 447 674 921 1383 
20180810_iphone_green_0034_246.jpg 1 rock 232 769 738 1271 
20180810_iphone_green_0103_1.jpg 1 rock 292 800 569 1265 
20180810_iphone_green_0075_91.jpg 1 rock 726 560 1009 1039 
20180810_iphone_green_0048_211.jpg 1 rock 490 821 1045 1440 
20180810_iphone_green_0089_306.jpg 1 rock 497 671 788 1195 
20180810_iphone_green_0075_261.jpg 1 rock 350 564 759 1276 
20180810_iphone_green_0103_381.jpg 1 rock 475 376 840 911 
20180810_iphone_green_0034_26.jpg 1 rock 73 826 873 1657 
20180810_iphone_green_0034_291.jpg 1 rock 269 774 1011 1529 
20180810_iphone_green_0047_121.jpg 1 rock 452 640 945 1519 
20180810_iphone_green_0075_46.jpg 1 rock 184 344 765 1522 
20180810_iphone_green_0021_101.jpg 1 rock 19 695 500 1229 
20180810_iphone_green_0020_306.jpg 1 rock 240 362 702 1324 
20180810_iphone_green_0047_486.jpg 1 rock 466 733 778 1385 
20180810_iphone_green_0060_126.jpg 1 rock 390 798 773 1376 
20180810_iphone_green_0047_451.jpg 1 rock 230 652 550 1295 
20180810_iphone_green_0047_336.jpg 1 rock 254 755 695 1664 
20180810_iphone_green_0076_16.jpg 1 rock 59 567 804 1326 
20180810_iphone_green_0089_111.jpg 1 rock 530 495 973 1307 
20180810_iphone_green_0103_196.jpg 1 rock 490 538 952 1255 
20180810_iphone_green_0060_6.jpg 1 rock 538 610 932 1162 
20180810_iphone_green_0020_461.jpg 1 rock 197 467 626 1181 
20180810_iphone_green_0103_141.jpg 1 rock 418 897 665 1367 
20180810_iphone_green_0061_26.jpg 1 rock 257 640 857 1331 
20180810_iphone_green_0104_101.jpg 1 rock 490 840 885 1312 
20180810_iphone_green_0020_46.jpg 1 rock 340 786 828 1645 
20180810_iphone_green_0047_36.jpg 1 rock 65 519 815 1809 
20180810_iphone_green_0012_251.jpg 1 rock 280 479 852 1342 
20180810_iphone_green_0020_91.jpg 1 rock 311 619 907 1600 
20180810_iphone_green_0103_431.jpg 1 rock 388 567 771 1312 
20180810_iphone_green_0020_111.jpg 1 rock 254 597 708 1199 
20180810_iphone_green_0075_466.jpg 1 rock 278 350 866 1302 
20180810_iphone_green_0090_106.jpg 1 rock 283 733 709 1210 
20180810_iphone_green_0033_171.jpg 1 rock 295 450 757 1088 
20180810_iphone_green_0060_251.jpg 1 rock 488 704 880 1298 
20180810_iphone_green_0048_416.jpg 1 rock 426 1114 823 1602 
20180810_iphone_green_0012_331.jpg 1 rock 124 356 796 1344 
20180810_iphone_green_0103_66.jpg 1 rock 209 353 809 1566 
20180810_iphone_green_0060_286.jpg 1 rock 419 493 852 1217 
20180810_iphone_green_0034_441.jpg 1 rock 226 886 733 1450 
20180810_iphone_green_0021_276.jpg 1 rock 369 510 926 1095 
20180810_iphone_green_0047_256.jpg 1 rock 466 493 845 1219 
20180810_iphone_green_0060_66.jpg 1 rock 357 402 1028 1390 
20180810_iphone_green_0104_511.jpg 1 rock 366 874 807 1460 
20180810_iphone_green_0075_116.jpg 1 rock 655 636 936 1161 
20180810_iphone_green_0048_166.jpg 1 rock 540 769 904 1264 
20180810_iphone_green_0047_281.jpg 1 rock 292 752 714 1560 
20180810_iphone_green_0020_501.jpg 1 rock 369 279 775 1001 
20180810_iphone_green_0047_291.jpg 1 rock 297 788 723 1662 
20180810_iphone_green_0020_511.jpg 1 rock 371 229 819 1012 
20180810_iphone_green_0047_246.jpg 1 rock 407 465 755 1240 
20180810_iphone_green_0021_16.jpg 1 rock 135 543 688 1245 
20180810_iphone_green_0060_76.jpg 1 rock 511 457 1030 1231 
20180810_iphone_green_0104_501.jpg 1 rock 390 767 980 1536 
20180810_iphone_green_0033_411.jpg 1 rock 302 477 894 1196 
20180810_iphone_green_0075_106.jpg 1 rock 716 638 987 1117 
20180810_iphone_green_0048_406.jpg 1 rock 373 1043 759 1521 
20180810_iphone_green_0012_321.jpg 1 rock 150 310 790 1288 
20180810_iphone_green_0103_76.jpg 1 rock 181 300 778 1547 
20180810_iphone_green_0060_296.jpg 1 rock 550 493 1014 1219 
20180810_iphone_green_0034_451.jpg 1 rock 147 664 680 1281 
20180810_iphone_green_0021_266.jpg 1 rock 433 436 1040 1107 
20180810_iphone_green_0075_476.jpg 1 rock 414 412 909 1355 
20180810_iphone_green_0090_116.jpg 1 rock 326 800 828 1379 
20180810_iphone_green_0060_241.jpg 1 rock 541 747 889 1286 
20180810_iphone_green_0047_26.jpg 1 rock 150 571 840 1629 
20180810_iphone_green_0012_241.jpg 1 rock 204 524 869 1432 
20180810_iphone_green_0020_81.jpg 1 rock 347 607 895 1655 
20180810_iphone_green_0103_421.jpg 1 rock 442 716 763 1285 
20180810_iphone_green_0034_531.jpg 1 rock 38 621 673 1260 
20180810_iphone_green_0020_101.jpg 1 rock 319 643 840 1357 
20180810_iphone_green_0061_36.jpg 1 rock 107 557 857 1440 
20180810_iphone_green_0033_16.jpg 1 rock 369 640 788 1252 
20180810_iphone_green_0012_296.jpg 1 rock 376 640 992 1388 
20180810_iphone_green_0104_111.jpg 1 rock 364 838 735 1298 
20180810_iphone_green_0020_56.jpg 1 rock 347 790 835 1648 
20180810_iphone_green_0061_126.jpg 1 rock 192 548 821 1271 
20180810_iphone_green_0020_471.jpg 1 rock 233 505 638 1188 
20180810_iphone_green_0089_11.jpg 1 rock 398 537 784 1258 
20180810_iphone_green_0103_151.jpg 1 rock 458 882 750 1308 
20180810_iphone_green_0047_326.jpg 1 rock 252 974 747 1807 
20180810_iphone_green_0089_101.jpg 1 rock 498 515 884 1269 
20180810_iphone_green_0103_186.jpg 1 rock 569 498 898 1144 
20180810_iphone_green_0104_461.jpg 1 rock 247 562 1047 1560 
20180810_iphone_green_0060_136.jpg 1 rock 345 705 788 1393 
20180810_iphone_green_0104_306.jpg 1 rock 252 510 890 1152 
20180810_iphone_green_0047_441.jpg 1 rock 185 600 530 1312 
20180810_iphone_green_0021_111.jpg 1 rock 42 398 495 995 
20180810_iphone_green_0020_316.jpg 1 rock 157 395 630 1305 
20180810_iphone_green_0047_496.jpg 1 rock 508 566 816 1216 
20180810_iphone_green_0089_316.jpg 1 rock 523 632 780 1104 
20180810_iphone_green_0103_391.jpg 1 rock 488 429 842 936 
20180810_iphone_green_0034_36.jpg 1 rock 102 879 800 1614 
20180810_iphone_green_0034_281.jpg 1 rock 90 786 1009 1719 
20180810_iphone_green_0075_56.jpg 1 rock 346 275 831 1328 
20180810_iphone_green_0047_131.jpg 1 rock 404 540 923 1505 
20180810_iphone_green_0012_26.jpg 1 rock 271 590 764 1500 
20180810_iphone_green_0076_371.jpg 1 rock 361 650 735 1083 
20180810_iphone_green_0034_256.jpg 1 rock 211 693 804 1300 
20180810_iphone_green_0090_31.jpg 1 rock 233 567 923 1550 
20180810_iphone_green_0075_81.jpg 1 rock 625 429 930 976 
20180810_iphone_green_0048_201.jpg 1 rock 564 824 1061 1381 
20180810_iphone_green_0104_81.jpg 1 rock 319 612 826 1167 
20180810_iphone_green_0075_311.jpg 1 rock 739 783 1030 1289 
20180810_iphone_green_0089_276.jpg 1 rock 373 712 873 1500 
20180810_iphone_green_0034_336.jpg 1 rock 347 952 809 1483 
20180810_iphone_green_0076_211.jpg 1 rock 342 621 997 1469 
20180810_iphone_green_0103_226.jpg 1 rock 268 425 896 1553 
20180810_iphone_green_0104_266.jpg 1 rock 526 867 933 1236 
20180810_iphone_green_0033_376.jpg 1 rock 257 574 872 1199 
20180810_iphone_green_0047_521.jpg 1 rock 482 282 755 903 
20180810_iphone_green_0048_161.jpg 1 rock 533 748 902 1267 
20180810_iphone_green_0047_286.jpg 1 rock 285 721 709 1564 
20180810_iphone_green_0034_136.jpg 1 rock 369 900 961 1488 
20180810_iphone_green_0020_506.jpg 1 rock 377 238 809 988 
20180810_iphone_green_0047_251.jpg 1 rock 480 457 859 1207 
20180810_iphone_green_0060_61.jpg 1 rock 235 371 969 1440 
20180810_iphone_green_0033_406.jpg 1 rock 290 443 973 1269 
20180810_iphone_green_0104_516.jpg 1 rock 478 874 895 1414 
20180810_iphone_green_0075_111.jpg 1 rock 681 640 952 1133 
20180810_iphone_green_0048_411.jpg 1 rock 392 1102 771 1581 
20180810_iphone_green_0012_336.jpg 1 rock 49 422 766 1364 
20180810_iphone_green_0103_61.jpg 1 rock 221 412 781 1569 
20180810_iphone_green_0060_281.jpg 1 rock 400 519 834 1237 
20180810_iphone_green_0034_446.jpg 1 rock 228 767 730 1345 
20180810_iphone_green_0021_271.jpg 1 rock 423 483 995 1086 
20180810_iphone_green_0090_101.jpg 1 rock 314 655 716 1117 
20180810_iphone_green_0075_461.jpg 1 rock 223 388 835 1295 
20180810_iphone_green_0033_176.jpg 1 rock 369 476 807 1102 
20180810_iphone_green_0060_256.jpg 1 rock 442 676 861 1279 
20180810_iphone_green_0047_31.jpg 1 rock 109 559 831 1709 
20180810_iphone_green_0012_256.jpg 1 rock 385 457 926 1295 
20180810_iphone_green_0020_96.jpg 1 rock 327 637 896 1488 
20180810_iphone_green_0034_526.jpg 1 rock 166 693 683 1288 
20180810_iphone_green_0103_436.jpg 1 rock 395 555 826 1386 
20180810_iphone_green_0020_116.jpg 1 rock 232 592 645 1195 
20180810_iphone_green_0061_21.jpg 1 rock 340 660 880 1293 
20180810_iphone_green_0060_336.jpg 1 rock 573 448 1040 1143 
20180810_iphone_green_0104_106.jpg 1 rock 421 840 802 1295 
20180810_iphone_green_0075_501.jpg 1 rock 411 655 950 1455 
20180810_iphone_green_0061_131.jpg 1 rock 85 557 795 1348 
20180810_iphone_green_0020_41.jpg 1 rock 319 776 800 1643 
20180810_iphone_green_0020_466.jpg 1 rock 207 500 619 1198 
20180810_iphone_green_0103_146.jpg 1 rock 435 893 700 1336 
20180810_iphone_green_0047_331.jpg 1 rock 278 957 738 1807 
20180810_iphone_green_0089_116.jpg 1 rock 509 507 961 1367 
20180810_iphone_green_0076_11.jpg 1 rock 71 545 809 1286 
20180810_iphone_green_0103_191.jpg 1 rock 515 515 909 1208 
20180810_iphone_green_0060_121.jpg 1 rock 395 809 780 1365 
20180810_iphone_green_0104_311.jpg 1 rock 264 588 969 1248 
20180810_iphone_green_0033_201.jpg 1 rock 40 329 990 1457 
20180810_iphone_green_0047_456.jpg 1 rock 259 690 564 1307 
20180810_iphone_green_0020_301.jpg 1 rock 302 388 778 1364 
20180810_iphone_green_0047_481.jpg 1 rock 427 769 743 1418 
20180810_iphone_green_0075_266.jpg 1 rock 333 510 730 1269 
20180810_iphone_green_0089_301.jpg 1 rock 469 694 809 1272 
20180810_iphone_green_0034_21.jpg 1 rock 185 781 1004 1612 
20180810_iphone_green_0034_296.jpg 1 rock 338 823 990 1497 
20180810_iphone_green_0103_386.jpg 1 rock 480 398 842 910 
20180810_iphone_green_0075_41.jpg 1 rock 190 414 780 1560 
20180810_iphone_green_0047_126.jpg 1 rock 411 602 935 1526 
20180810_iphone_green_0012_31.jpg 1 rock 303 613 792 1521 
20180810_iphone_green_0034_241.jpg 1 rock 233 783 709 1264 
20180810_iphone_green_0090_26.jpg 1 rock 369 626 954 1483 
20180810_iphone_green_0103_351.jpg 1 rock 196 579 698 1340 
20180810_iphone_green_0076_366.jpg 1 rock 378 664 738 1083 
20180810_iphone_green_0103_6.jpg 1 rock 304 776 580 1250 
20180810_iphone_green_0075_96.jpg 1 rock 752 610 1032 1069 
20180810_iphone_green_0048_216.jpg 1 rock 438 810 1038 1467 
20180810_iphone_green_0104_96.jpg 1 rock 483 850 897 1310 
20180810_iphone_green_0089_261.jpg 1 rock 407 702 892 1593 
20180810_iphone_green_0103_231.jpg 1 rock 383 457 1009 1548 
20180810_iphone_green_0076_206.jpg 1 rock 359 629 988 1445 
20180810_iphone_green_0034_321.jpg 1 rock 285 1024 766 1538 
20180810_iphone_green_0048_376.jpg 1 rock 369 626 904 1300 
20180810_iphone_green_0033_361.jpg 1 rock 466 660 856 1166 
20180810_iphone_green_0104_271.jpg 1 rock 490 850 921 1224 
20180810_iphone_green_0047_536.jpg 1 rock 514 235 803 887 
20180810_iphone_green_0020_261.jpg 1 rock 296 381 817 1169 
20180810_iphone_green_0012_121.jpg 1 rock 181 439 883 1578 
20180810_iphone_green_0020_206.jpg 1 rock 213 855 585 1410 
20180810_iphone_green_0104_216.jpg 1 rock 492 786 1007 1436 
20180810_iphone_green_0047_551.jpg 1 rock 471 619 796 1287 
20180810_iphone_green_0103_256.jpg 1 rock 355 648 740 1278 
20180810_iphone_green_0076_261.jpg 1 rock 307 629 840 1214 
20180810_iphone_green_0104_26.jpg 1 rock 119 655 911 1417 
20180810_iphone_green_0048_311.jpg 1 rock 471 340 1040 1067 
20180810_iphone_green_0089_206.jpg 1 rock 204 443 935 1498 
20180810_iphone_green_0075_361.jpg 1 rock 426 690 788 1374 
20180810_iphone_green_0103_281.jpg 1 rock 437 496 698 936 
20180810_iphone_green_0020_616.jpg 1 rock 350 538 869 1348 
20180810_iphone_green_0012_56.jpg 1 rock 416 567 976 1579 
20180810_iphone_green_0090_41.jpg 1 rock 156 512 909 1594 
20180810_iphone_green_0034_226.jpg 1 rock 242 798 750 1307 
20180810_iphone_green_0103_336.jpg 1 rock 242 383 928 1405 
20180810_iphone_green_0076_301.jpg 1 rock 114 448 723 1138 
20180810_iphone_green_0047_196.jpg 1 rock 428 538 978 1659 
20180810_iphone_green_0034_46.jpg 1 rock 333 912 802 1438 
20180810_iphone_green_0090_96.jpg 1 rock 316 538 695 1029 
20180810_iphone_green_0012_81.jpg 1 rock 276 424 892 1557 
20180810_iphone_green_0089_366.jpg 1 rock 538 879 919 1593 
20180810_iphone_green_0047_141.jpg 1 rock 328 545 821 1550 
20180810_iphone_green_0060_191.jpg 1 rock 572 715 1021 1429 
20180810_iphone_green_0020_366.jpg 1 rock 485 502 907 1362 
20180810_iphone_green_0090_211.jpg 1 rock 264 498 516 929 
20180810_iphone_green_0060_146.jpg 1 rock 300 604 852 1460 
20180810_iphone_green_0104_376.jpg 1 rock 404 948 873 1402 
20180810_iphone_green_0033_266.jpg 1 rock 594 572 959 1079 
20180810_iphone_green_0047_431.jpg 1 rock 221 545 595 1343 
20180810_iphone_green_0047_356.jpg 1 rock 507 498 821 1217 
20180810_iphone_green_0104_411.jpg 1 rock 438 808 813 1256 
20180810_iphone_green_0047_381.jpg 1 rock 498 781 792 1453 
20180810_iphone_green_0089_61.jpg 1 rock 482 506 696 954 
20180810_iphone_green_0020_401.jpg 1 rock 307 421 759 1274 
20180810_iphone_green_0103_121.jpg 1 rock 364 812 780 1543 
20180810_iphone_green_0076_116.jpg 1 rock 478 743 861 1226 
20180810_iphone_green_0033_66.jpg 1 rock 330 781 754 1388 
20180810_iphone_green_0047_81.jpg 1 rock 473 681 792 1295 
20180810_iphone_green_0020_26.jpg 1 rock 69 719 566 1586 
20180810_iphone_green_0060_351.jpg 1 rock 402 786 926 1567 
20180810_iphone_green_0048_516.jpg 1 rock 504 774 947 1279 
20180810_iphone_green_0047_56.jpg 1 rock 395 745 809 1521 
20180810_iphone_green_0061_91.jpg 1 rock 528 645 964 1140 
20180810_iphone_green_0076_466.jpg 1 rock 342 602 730 1076 
20180810_iphone_green_0103_451.jpg 1 rock 304 595 995 1531 
20180810_iphone_green_0061_181.jpg 1 rock 640 433 1066 983 
20180810_iphone_green_0021_376.jpg 1 rock 233 379 914 1033 
20180810_iphone_green_0104_6.jpg 1 rock 354 833 919 1398 
20180810_iphone_green_0012_386.jpg 1 rock 356 675 965 1600 
20180810_iphone_green_0060_231.jpg 1 rock 497 783 821 1307 
20180810_iphone_green_0090_166.jpg 1 rock 84 447 762 1494 
20180810_iphone_green_0075_406.jpg 1 rock 276 424 840 1393 
20180810_iphone_green_0012_351.jpg 1 rock 390 543 997 1255 
20180810_iphone_green_0076_506.jpg 1 rock 221 338 895 1107 
20180810_iphone_green_0034_421.jpg 1 rock 438 987 790 1494 
20180810_iphone_green_0047_236.jpg 1 rock 233 474 652 1360 
20180810_iphone_green_0021_66.jpg 1 rock 285 724 785 1331 
20180810_iphone_green_0075_176.jpg 1 rock 540 455 995 1274 
20180810_iphone_green_0033_461.jpg 1 rock 492 643 1021 1345 
20180810_iphone_green_0034_186.jpg 1 rock 323 717 950 1338 
20180810_iphone_green_0034_151.jpg 1 rock 440 1105 942 1662 
20180810_iphone_green_0061_6.jpg 1 rock 440 664 907 1167 
20180810_iphone_green_0020_561.jpg 1 rock 611 431 946 1013 
20180810_iphone_green_0020_211.jpg 1 rock 252 845 621 1374 
20180810_iphone_green_0048_11.jpg 1 rock 419 567 845 1167 
20180810_iphone_green_0104_201.jpg 1 rock 380 802 1002 1600 
20180810_iphone_green_0033_311.jpg 1 rock 112 464 938 1467 
20180810_iphone_green_0047_546.jpg 1 rock 483 517 797 1200 
20180810_iphone_green_0076_276.jpg 1 rock 242 519 823 1171 
20180810_iphone_green_0104_31.jpg 1 rock 45 581 876 1398 
20180810_iphone_green_0048_306.jpg 1 rock 495 379 1038 1079 
20180810_iphone_green_0075_376.jpg 1 rock 319 626 807 1536 
20180810_iphone_green_0103_296.jpg 1 rock 537 390 901 942 
20180810_iphone_green_0012_41.jpg 1 rock 378 660 878 1560 
20180810_iphone_green_0020_601.jpg 1 rock 464 479 809 1079 
20180810_iphone_green_0076_316.jpg 1 rock 357 474 1011 1200 
20180810_iphone_green_0103_321.jpg 1 rock 304 731 819 1462 
20180810_iphone_green_0090_56.jpg 1 rock 235 562 830 1450 
20180810_iphone_green_0034_86.jpg 1 rock 369 1019 1019 1657 
20180810_iphone_green_0034_231.jpg 1 rock 233 798 721 1283 
20180810_iphone_green_0047_181.jpg 1 rock 421 566 1018 1709 
20180810_iphone_green_0034_51.jpg 1 rock 314 895 783 1390 
20180810_iphone_green_0090_81.jpg 1 rock 440 371 819 933 
20180810_iphone_green_0012_96.jpg 1 rock 168 447 831 1603 
20180810_iphone_green_0089_371.jpg 1 rock 521 876 966 1669 
20180810_iphone_green_0075_216.jpg 1 rock 716 743 996 1194 
20180810_iphone_green_0047_156.jpg 1 rock 345 652 919 1679 
20180810_iphone_green_0075_31.jpg 1 rock 28 426 650 1551 
20180810_iphone_green_0020_371.jpg 1 rock 550 476 971 1336 
20180810_iphone_green_0060_186.jpg 1 rock 516 664 1040 1495 
20180810_iphone_green_0021_176.jpg 1 rock 200 543 704 1160 
20180810_iphone_green_0090_206.jpg 1 rock 288 500 559 950 
20180810_iphone_green_0060_151.jpg 1 rock 280 569 890 1557 
20180810_iphone_green_0033_271.jpg 1 rock 587 594 979 1126 
20180810_iphone_green_0104_361.jpg 1 rock 219 779 835 1421 
20180810_iphone_green_0047_426.jpg 1 rock 254 507 626 1329 
20180810_iphone_green_0047_341.jpg 1 rock 266 526 661 1436 
20180810_iphone_green_0104_406.jpg 1 rock 514 843 897 1262 
20180810_iphone_green_0089_166.jpg 1 rock 373 636 1030 1629 
20180810_iphone_green_0047_396.jpg 1 rock 383 648 723 1419 
20180810_iphone_green_0089_76.jpg 1 rock 444 543 680 1039 
20180810_iphone_green_0103_136.jpg 1 rock 380 914 616 1402 
20180810_iphone_green_0033_71.jpg 1 rock 394 847 793 1358 
20180810_iphone_green_0047_96.jpg 1 rock 454 660 804 1360 
20180810_iphone_green_0020_31.jpg 1 rock 183 764 657 1643 
20180810_iphone_green_0060_346.jpg 1 rock 488 694 978 1438 
20180810_iphone_green_0034_581.jpg 1 rock 45 621 623 1274 
20180810_iphone_green_0048_501.jpg 1 rock 440 764 945 1326 
20180810_iphone_green_0047_41.jpg 1 rock 115 516 831 1775 
20180810_iphone_green_0061_86.jpg 1 rock 523 640 988 1164 
20180810_iphone_green_0103_446.jpg 1 rock 390 574 1000 1519 
20180810_iphone_green_0076_471.jpg 1 rock 383 598 766 1060 
20180810_iphone_green_0020_1.jpg 1 rock 71 545 664 1464 
20180810_iphone_green_0021_361.jpg 1 rock 404 355 916 976 
20180810_iphone_green_0061_196.jpg 1 rock 611 390 1052 919 
20180810_iphone_green_0012_391.jpg 1 rock 302 676 966 1631 
20180810_iphone_green_0060_226.jpg 1 rock 453 797 769 1306 
20180810_iphone_green_0075_411.jpg 1 rock 297 395 900 1345 
20180810_iphone_green_0090_171.jpg 1 rock 100 488 726 1476 
20180810_iphone_green_0012_346.jpg 1 rock 288 529 935 1312 
20180810_iphone_green_0103_11.jpg 1 rock 300 762 584 1236 
20180810_iphone_green_0034_436.jpg 1 rock 271 979 754 1524 
20180810_iphone_green_0076_511.jpg 1 rock 164 326 878 1140 
20180810_iphone_green_0047_221.jpg 1 rock 356 312 943 1550 
20180810_iphone_green_0021_71.jpg 1 rock 333 767 809 1326 
20180810_iphone_green_0075_161.jpg 1 rock 347 481 964 1388 
20180810_iphone_green_0060_11.jpg 1 rock 516 574 922 1168 
20180810_iphone_green_0034_191.jpg 1 rock 259 695 957 1371 
20180810_iphone_green_0034_146.jpg 1 rock 411 1067 926 1590 
20180810_iphone_green_0047_6.jpg 1 rock 66 333 757 1348 
20180810_iphone_green_0020_576.jpg 1 rock 605 326 900 856 
20180810_iphone_green_0048_101.jpg 1 rock 357 721 902 1524 
20180810_iphone_green_0034_156.jpg 1 rock 459 1083 1004 1676 
20180810_iphone_green_0061_1.jpg 1 rock 454 655 916 1138 
20180810_iphone_green_0020_566.jpg 1 rock 601 394 913 937 
20180810_iphone_green_0047_231.jpg 1 rock 223 398 704 1407 
20180810_iphone_green_0021_61.jpg 1 rock 242 669 780 1336 
20180810_iphone_green_0075_171.jpg 1 rock 461 460 985 1343 
20180810_iphone_green_0034_181.jpg 1 rock 366 733 957 1314 
20180810_iphone_green_0033_466.jpg 1 rock 388 671 992 1426 
20180810_iphone_green_0012_356.jpg 1 rock 471 560 983 1212 
20180810_iphone_green_0034_426.jpg 1 rock 440 1014 780 1529 
20180810_iphone_green_0076_501.jpg 1 rock 250 333 876 1048 
20180810_iphone_green_0012_381.jpg 1 rock 438 657 992 1512 
20180810_iphone_green_0033_116.jpg 1 rock 214 605 973 1493 
20180810_iphone_green_0060_236.jpg 1 rock 523 771 857 1293 
20180810_iphone_green_0075_401.jpg 1 rock 247 460 795 1443 
20180810_iphone_green_0090_161.jpg 1 rock 121 445 816 1514 
20180810_iphone_green_0048_511.jpg 1 rock 492 771 947 1293 
20180810_iphone_green_0047_51.jpg 1 rock 311 676 828 1593 
20180810_iphone_green_0061_96.jpg 1 rock 528 652 953 1144 
20180810_iphone_green_0012_236.jpg 1 rock 61 610 800 1502 
20180810_iphone_green_0103_456.jpg 1 rock 214 595 885 1538 
20180810_iphone_green_0076_461.jpg 1 rock 309 590 726 1088 
20180810_iphone_green_0020_176.jpg 1 rock 62 575 993 1525 
20180810_iphone_green_0021_371.jpg 1 rock 361 388 952 1007 
20180810_iphone_green_0061_186.jpg 1 rock 635 426 1059 964 
20180810_iphone_green_0104_1.jpg 1 rock 411 805 930 1355 
20180810_iphone_green_0033_61.jpg 1 rock 209 738 747 1479 
20180810_iphone_green_0047_86.jpg 1 rock 480 681 797 1307 
20180810_iphone_green_0060_356.jpg 1 rock 297 833 854 1664 
20180810_iphone_green_0047_386.jpg 1 rock 502 776 814 1474 
20180810_iphone_green_0020_406.jpg 1 rock 226 421 683 1274 
20180810_iphone_green_0089_66.jpg 1 rock 490 526 705 969 
20180810_iphone_green_0076_111.jpg 1 rock 461 748 850 1214 
20180810_iphone_green_0103_126.jpg 1 rock 380 890 721 1521 
20180810_iphone_green_0047_351.jpg 1 rock 490 424 819 1193 
20180810_iphone_green_0104_416.jpg 1 rock 397 788 800 1271 
20180810_iphone_green_0076_71.jpg 1 rock 228 669 1054 1548 
20180810_iphone_green_0090_216.jpg 1 rock 255 508 501 926 
20180810_iphone_green_0060_141.jpg 1 rock 321 655 802 1407 
20180810_iphone_green_0033_261.jpg 1 rock 511 508 871 1029 
20180810_iphone_green_0104_371.jpg 1 rock 338 905 845 1412 
20180810_iphone_green_0047_436.jpg 1 rock 190 582 553 1339 
20180810_iphone_green_0020_361.jpg 1 rock 373 502 809 1340 
20180810_iphone_green_0060_196.jpg 1 rock 590 752 980 1377 
20180810_iphone_green_0021_166.jpg 1 rock 50 433 654 1174 
20180810_iphone_green_0090_91.jpg 1 rock 371 417 740 952 
20180810_iphone_green_0034_41.jpg 1 rock 233 867 840 1505 
20180810_iphone_green_0012_86.jpg 1 rock 240 441 874 1581 
20180810_iphone_green_0089_361.jpg 1 rock 580 867 907 1498 
20180810_iphone_green_0047_146.jpg 1 rock 314 562 826 1574 
20180810_iphone_green_0012_51.jpg 1 rock 411 602 945 1586 
20180810_iphone_green_0020_611.jpg 1 rock 357 550 809 1238 
20180810_iphone_green_0076_306.jpg 1 rock 195 455 819 1164 
20180810_iphone_green_0103_331.jpg 1 rock 271 407 997 1443 
20180810_iphone_green_0034_221.jpg 1 rock 230 779 788 1343 
20180810_iphone_green_0090_46.jpg 1 rock 152 529 892 1574 
20180810_iphone_green_0047_191.jpg 1 rock 434 569 990 1631 
20180810_iphone_green_0075_366.jpg 1 rock 385 667 800 1457 
20180810_iphone_green_0089_201.jpg 1 rock 107 390 833 1469 
20180810_iphone_green_0034_396.jpg 1 rock 19 881 752 1676 
20180810_iphone_green_0103_286.jpg 1 rock 522 469 772 940 
20180810_iphone_green_0076_266.jpg 1 rock 273 612 835 1224 
20180810_iphone_green_0103_251.jpg 1 rock 450 638 864 1355 
20180810_iphone_green_0104_21.jpg 1 rock 188 714 930 1429 
20180810_iphone_green_0048_316.jpg 1 rock 416 295 1035 1083 
20180810_iphone_green_0104_211.jpg 1 rock 466 786 1019 1479 
20180810_iphone_green_0047_556.jpg 1 rock 472 653 801 1311 
20180810_iphone_green_0020_201.jpg 1 rock 169 829 542 1439 
20180810_iphone_green_0047_581.jpg 1 rock 450 445 782 1111 
20180810_iphone_green_0034_141.jpg 1 rock 388 981 923 1540 
20180810_iphone_green_0020_571.jpg 1 rock 603 361 901 889 
20180810_iphone_green_0047_1.jpg 1 rock 95 352 761 1360 
20180810_iphone_green_0047_226.jpg 1 rock 265 344 815 1503 
20180810_iphone_green_0021_76.jpg 1 rock 347 838 809 1350 
20180810_iphone_green_0075_166.jpg 1 rock 397 481 978 1386 
20180810_iphone_green_0060_16.jpg 1 rock 490 555 907 1162 
20180810_iphone_green_0034_196.jpg 1 rock 211 674 966 1417 
20180810_iphone_green_0033_471.jpg 1 rock 80 567 864 1479 
20180810_iphone_green_0012_341.jpg 1 rock 123 490 842 1357 
20180810_iphone_green_0103_16.jpg 1 rock 307 726 611 1252 
20180810_iphone_green_0076_516.jpg 1 rock 90 324 835 1174 
20180810_iphone_green_0034_431.jpg 1 rock 397 1024 783 1538 
20180810_iphone_green_0012_396.jpg 1 rock 278 660 983 1612 
20180810_iphone_green_0033_101.jpg 1 rock 457 658 905 1289 
20180810_iphone_green_0060_221.jpg 1 rock 440 800 747 1290 
20180810_iphone_green_0090_176.jpg 1 rock 192 517 759 1412 
20180810_iphone_green_0075_416.jpg 1 rock 300 364 926 1312 
20180810_iphone_green_0048_506.jpg 1 rock 461 769 945 1302 
20180810_iphone_green_0047_46.jpg 1 rock 215 591 852 1709 
20180810_iphone_green_0061_81.jpg 1 rock 516 648 1004 1210 
20180810_iphone_green_0076_476.jpg 1 rock 404 567 788 1019 
20180810_iphone_green_0103_441.jpg 1 rock 445 555 966 1464 
20180810_iphone_green_0020_161.jpg 1 rock 216 579 997 1555 
20180810_iphone_green_0061_191.jpg 1 rock 619 390 1054 933 
20180810_iphone_green_0021_366.jpg 1 rock 395 357 940 981 
20180810_iphone_green_0033_76.jpg 1 rock 390 860 759 1324 
20180810_iphone_green_0061_56.jpg 1 rock 161 476 1023 1440 
20180810_iphone_green_0047_91.jpg 1 rock 503 669 796 1318 
20180810_iphone_green_0020_36.jpg 1 rock 266 781 745 1638 
20180810_iphone_green_0060_341.jpg 1 rock 538 562 1002 1274 
20180810_iphone_green_0047_391.jpg 1 rock 440 745 764 1476 
20180810_iphone_green_0089_71.jpg 1 rock 540 526 788 1014 
20180810_iphone_green_0020_411.jpg 1 rock 102 417 584 1281 
20180810_iphone_green_0103_131.jpg 1 rock 371 929 634 1477 
20180810_iphone_green_0076_106.jpg 1 rock 456 745 855 1216 
20180810_iphone_green_0047_346.jpg 1 rock 411 400 764 1229 
20180810_iphone_green_0104_401.jpg 1 rock 507 829 871 1257 
20180810_iphone_green_0089_161.jpg 1 rock 357 693 995 1676 
20180810_iphone_green_0076_66.jpg 1 rock 59 652 983 1619 
20180810_iphone_green_0090_201.jpg 1 rock 321 502 614 990 
20180810_iphone_green_0060_156.jpg 1 rock 240 524 911 1607 
20180810_iphone_green_0104_366.jpg 1 rock 269 831 826 1410 
20180810_iphone_green_0033_276.jpg 1 rock 433 564 890 1195 
20180810_iphone_green_0047_421.jpg 1 rock 273 498 650 1326 
20180810_iphone_green_0060_181.jpg 1 rock 428 583 1023 1524 
20180810_iphone_green_0020_376.jpg 1 rock 569 460 997 1305 
20180810_iphone_green_0021_171.jpg 1 rock 128 502 680 1169 
20180810_iphone_green_0090_86.jpg 1 rock 430 367 802 914 
20180810_iphone_green_0034_56.jpg 1 rock 219 779 742 1340 
20180810_iphone_green_0012_91.jpg 1 rock 206 459 862 1612 
20180810_iphone_green_0075_211.jpg 1 rock 757 698 1040 1162 
20180810_iphone_green_0089_376.jpg 1 rock 500 855 1035 1702 
20180810_iphone_green_0075_36.jpg 1 rock 124 425 734 1553 
20180810_iphone_green_0047_151.jpg 1 rock 309 617 861 1652 
20180810_iphone_green_0020_606.jpg 1 rock 407 524 807 1176 
20180810_iphone_green_0012_46.jpg 1 rock 395 636 911 1564 
20180810_iphone_green_0034_81.jpg 1 rock 366 888 957 1507 
20180810_iphone_green_0034_236.jpg 1 rock 230 793 702 1264 
20180810_iphone_green_0090_51.jpg 1 rock 211 543 897 1524 
20180810_iphone_green_0103_326.jpg 1 rock 297 652 895 1498 
20180810_iphone_green_0076_311.jpg 1 rock 283 457 933 1188 
20180810_iphone_green_0047_186.jpg 1 rock 411 571 988 1662 
20180810_iphone_green_0089_216.jpg 1 rock 309 500 1038 1531 
20180810_iphone_green_0075_371.jpg 1 rock 347 643 811 1500 
20180810_iphone_green_0103_291.jpg 1 rock 546 428 820 932 
20180810_iphone_green_0034_381.jpg 1 rock 7 819 680 1707 
20180810_iphone_green_0103_246.jpg 1 rock 507 614 1047 1424 
20180810_iphone_green_0076_271.jpg 1 rock 264 579 835 1212 
20180810_iphone_green_0034_356.jpg 1 rock 235 924 816 1576 
20180810_iphone_green_0048_301.jpg 1 rock 495 421 1021 1090 
20180810_iphone_green_0033_316.jpg 1 rock 61 483 871 1388 
20180810_iphone_green_0104_206.jpg 1 rock 426 798 1011 1543 
20180810_iphone_green_0047_541.jpg 1 rock 490 386 790 1048 
20180810_iphone_green_0020_216.jpg 1 rock 280 845 657 1348 
20180810_iphone_green_0048_16.jpg 1 rock 426 660 833 1245 
20180810_iphone_green_0075_181.jpg 1 rock 623 433 1019 1202 
20180810_iphone_green_0034_171.jpg 1 rock 447 857 1004 1417 
20180810_iphone_green_0020_541.jpg 1 rock 433 288 990 1281 
20180810_iphone_green_0021_91.jpg 1 rock 235 731 690 1257 
20180810_iphone_green_0060_26.jpg 1 rock 419 526 885 1214 
20180810_iphone_green_0020_596.jpg 1 rock 528 443 864 1036 
20180810_iphone_green_0033_441.jpg 1 rock 358 666 753 1173 
20180810_iphone_green_0104_551.jpg 1 rock 521 667 940 1136 
20180810_iphone_green_0075_156.jpg 1 rock 316 469 961 1386 
20180810_iphone_green_0047_216.jpg 1 rock 443 306 1035 1578 
20180810_iphone_green_0021_46.jpg 1 rock 169 588 980 1526 
20180810_iphone_green_0034_401.jpg 1 rock 145 876 814 1581 
20180810_iphone_green_0090_191.jpg 1 rock 276 498 638 1105 
20180810_iphone_green_0012_371.jpg 1 rock 641 632 1014 1343 
20180810_iphone_green_0103_26.jpg 1 rock 392 698 771 1402 
20180810_iphone_green_0090_146.jpg 1 rock 326 571 969 1533 
20180810_iphone_green_0075_426.jpg 1 rock 278 429 928 1340 
20180810_iphone_green_0060_211.jpg 1 rock 451 753 766 1260 
20180810_iphone_green_0021_356.jpg 1 rock 392 350 904 979 
20180810_iphone_green_0034_561.jpg 1 rock 164 360 742 1038 
20180810_iphone_green_0104_196.jpg 1 rock 378 790 1040 1660 
20180810_iphone_green_0076_446.jpg 1 rock 185 498 761 1162 
20180810_iphone_green_0020_151.jpg 1 rock 371 655 871 1540 
20180810_iphone_green_0047_76.jpg 1 rock 475 710 792 1290 
20180810_iphone_green_0033_91.jpg 1 rock 242 793 685 1310 
20180810_iphone_green_0048_536.jpg 1 rock 438 807 871 1288 
20180810_iphone_green_0020_186.jpg 1 rock 69 574 709 1495 
20180810_iphone_green_0076_491.jpg 1 rock 290 336 792 924 
20180810_iphone_green_0021_381.jpg 1 rock 123 369 866 1081 
20180810_iphone_green_0033_46.jpg 1 rock 114 688 804 1595 
20180810_iphone_green_0061_66.jpg 1 rock 366 590 1047 1348 
20180810_iphone_green_0089_41.jpg 1 rock 503 537 735 1015 
20180810_iphone_green_0089_186.jpg 1 rock 178 562 888 1555 
20180810_iphone_green_0089_151.jpg 1 rock 442 564 980 1581 
20180810_iphone_green_0089_96.jpg 1 rock 427 563 782 1273 
20180810_iphone_green_0047_376.jpg 1 rock 423 743 702 1386 
20180810_iphone_green_0047_411.jpg 1 rock 309 505 683 1326 
20180810_iphone_green_0060_166.jpg 1 rock 227 459 956 1638 
20180810_iphone_green_0020_391.jpg 1 rock 385 431 809 1267 
20180810_iphone_green_0104_356.jpg 1 rock 176 819 890 1483 
20180810_iphone_green_0033_246.jpg 1 rock 464 364 854 946 
20180810_iphone_green_0090_231.jpg 1 rock 290 538 548 975 
20180810_iphone_green_0104_381.jpg 1 rock 421 869 842 1314 
20180810_iphone_green_0033_291.jpg 1 rock 154 507 840 1376 
20180810_iphone_green_0020_346.jpg 1 rock 135 405 614 1245 
20180810_iphone_green_0047_161.jpg 1 rock 371 660 942 1738 
20180810_iphone_green_0075_221.jpg 1 rock 664 776 950 1226 
20180810_iphone_green_0089_346.jpg 1 rock 609 761 872 1281 
20180810_iphone_green_0034_66.jpg 1 rock 154 795 657 1305 
20180810_iphone_green_0076_1.jpg 1 rock 157 529 880 1255 
20180810_iphone_green_0033_1.jpg 1 rock 497 567 911 1119 
20180810_iphone_green_0012_76.jpg 1 rock 264 426 883 1488 
20180810_iphone_green_0034_206.jpg 1 rock 188 652 990 1448 
20180810_iphone_green_0090_61.jpg 1 rock 297 574 826 1364 
20180810_iphone_green_0103_316.jpg 1 rock 373 674 821 1369 
20180810_iphone_green_0076_321.jpg 1 rock 395 490 1042 1205 
20180810_iphone_green_0021_431.jpg 1 rock 438 300 1026 1033 
20180810_iphone_green_0076_296.jpg 1 rock 76 450 673 1136 
20180810_iphone_green_0089_226.jpg 1 rock 290 574 904 1557 
20180810_iphone_green_0075_341.jpg 1 rock 652 933 871 1357 
20180810_iphone_green_0048_331.jpg 1 rock 200 214 971 1190 
20180810_iphone_green_0075_396.jpg 1 rock 216 493 754 1474 
20180810_iphone_green_0103_276.jpg 1 rock 342 514 635 955 
20180810_iphone_green_0076_241.jpg 1 rock 473 524 1038 1164 
20180810_iphone_green_0034_366.jpg 1 rock 100 893 769 1650 
20180810_iphone_green_0047_571.jpg 1 rock 484 434 822 1111 
20180810_iphone_green_0061_201.jpg 1 rock 602 410 1052 940 
20180810_iphone_green_0090_351.jpg 1 rock 142 707 633 1440 
20180810_iphone_green_0033_326.jpg 1 rock 245 514 869 1281 
20180810_iphone_green_0104_236.jpg 1 rock 523 838 978 1283 
20180810_iphone_green_0048_26.jpg 1 rock 385 805 785 1367 
20180810_iphone_green_0012_166.jpg 1 rock 180 540 747 1295 
20180810_iphone_green_0020_226.jpg 1 rock 261 831 721 1376 
20180810_iphone_green_0033_481.jpg 1 rock 73 610 928 1529 
20180810_iphone_green_0034_166.jpg 1 rock 485 931 1057 1507 
20180810_iphone_green_0020_556.jpg 1 rock 638 457 995 1088 
20180810_iphone_green_0021_86.jpg 1 rock 309 802 771 1281 
20180810_iphone_green_0060_31.jpg 1 rock 388 526 876 1274 
20180810_iphone_green_0020_581.jpg 1 rock 613 315 914 855 
20180810_iphone_green_0104_546.jpg 1 rock 533 643 942 1124 
20180810_iphone_green_0033_456.jpg 1 rock 485 636 954 1255 
20180810_iphone_green_0075_141.jpg 1 rock 347 471 892 1283 
20180810_iphone_green_0047_201.jpg 1 rock 471 497 1006 1638 
20180810_iphone_green_0021_51.jpg 1 rock 197 571 938 1400 
20180810_iphone_green_0034_416.jpg 1 rock 422 937 806 1461 
20180810_iphone_green_0090_186.jpg 1 rock 235 507 669 1190 
20180810_iphone_green_0012_366.jpg 1 rock 592 597 979 1258 
20180810_iphone_green_0103_31.jpg 1 rock 404 724 842 1560 
20180810_iphone_green_0075_431.jpg 1 rock 273 474 935 1364 
20180810_iphone_green_0090_151.jpg 1 rock 211 486 873 1512 
20180810_iphone_green_0033_126.jpg 1 rock 73 712 928 1610 
20180810_iphone_green_0060_206.jpg 1 rock 507 739 839 1269 
20180810_iphone_green_0021_341.jpg 1 rock 297 395 857 1036 
20180810_iphone_green_0076_451.jpg 1 rock 238 526 745 1124 
20180810_iphone_green_0034_576.jpg 1 rock 76 526 664 1188 
20180810_iphone_green_0020_146.jpg 1 rock 454 736 857 1517 
20180810_iphone_green_0047_61.jpg 1 rock 452 783 797 1450 
20180810_iphone_green_0033_86.jpg 1 rock 269 790 669 1292 
20180810_iphone_green_0048_521.jpg 1 rock 504 783 933 1267 
20180810_iphone_green_0060_366.jpg 1 rock 107 805 769 1767 
20180810_iphone_green_0020_191.jpg 1 rock 114 669 588 1474 
20180810_iphone_green_0076_486.jpg 1 rock 359 431 804 964 
20180810_iphone_green_0061_161.jpg 1 rock 330 519 983 1319 
20180810_iphone_green_0061_71.jpg 1 rock 450 624 1050 1312 
20180810_iphone_green_0033_51.jpg 1 rock 78 683 816 1648 
20180810_iphone_green_0089_56.jpg 1 rock 485 522 699 965 
20180810_iphone_green_0076_121.jpg 1 rock 507 733 888 1226 
20180810_iphone_green_0103_116.jpg 1 rock 325 717 784 1560 
20180810_iphone_green_0076_96.jpg 1 rock 550 729 990 1226 
20180810_iphone_green_0089_191.jpg 1 rock 116 552 816 1548 
20180810_iphone_green_0089_1.jpg 1 rock 302 476 750 1310 
20180810_iphone_green_0089_146.jpg 1 rock 426 517 966 1562 
20180810_iphone_green_0104_426.jpg 1 rock 388 819 883 1364 
20180810_iphone_green_0089_81.jpg 1 rock 419 557 674 1117 
20180810_iphone_green_0047_361.jpg 1 rock 497 586 797 1245 
20180810_iphone_green_0047_406.jpg 1 rock 321 514 690 1333 
20180810_iphone_green_0020_386.jpg 1 rock 442 443 859 1281 
20180810_iphone_green_0060_171.jpg 1 rock 249 472 960 1607 
20180810_iphone_green_0033_251.jpg 1 rock 461 390 835 952 
20180810_iphone_green_0104_341.jpg 1 rock 109 962 1016 1657 
20180810_iphone_green_0090_226.jpg 1 rock 272 529 524 950 
20180810_iphone_green_0021_181.jpg 1 rock 261 579 704 1157 
20180810_iphone_green_0033_286.jpg 1 rock 180 507 816 1300 
20180810_iphone_green_0104_396.jpg 1 rock 459 838 809 1245 
20180810_iphone_green_0020_351.jpg 1 rock 204 424 657 1250 
20180810_iphone_green_0048_291.jpg 1 rock 523 538 1038 1181 
20180810_iphone_green_0075_11.jpg 1 rock 128 512 714 1462 
20180810_iphone_green_0047_176.jpg 1 rock 450 583 1050 1702 
20180810_iphone_green_0089_351.jpg 1 rock 607 798 880 1340 
20180810_iphone_green_0075_236.jpg 1 rock 546 755 879 1267 
20180810_iphone_green_0034_71.jpg 1 rock 183 821 702 1338 
20180810_iphone_green_0012_61.jpg 1 rock 395 519 964 1545 
20180810_iphone_green_0020_621.jpg 1 rock 373 467 938 1431 
20180810_iphone_green_0076_336.jpg 1 rock 326 562 854 1160 
20180810_iphone_green_0103_301.jpg 1 rock 503 356 917 968 
20180810_iphone_green_0034_211.jpg 1 rock 192 679 926 1402 
20180810_iphone_green_0090_76.jpg 1 rock 402 433 800 1045 
20180810_iphone_green_0021_426.jpg 1 rock 369 319 934 1008 
20180810_iphone_green_0076_281.jpg 1 rock 190 467 783 1129 
20180810_iphone_green_0075_356.jpg 1 rock 476 715 786 1321 
20180810_iphone_green_0089_231.jpg 1 rock 361 598 919 1569 
20180810_iphone_green_0012_401.jpg 1 rock 300 657 1007 1598 
20180810_iphone_green_0048_326.jpg 1 rock 245 231 973 1155 
20180810_iphone_green_0090_1.jpg 1 rock 413 650 766 1148 
20180810_iphone_green_0075_381.jpg 1 rock 266 602 769 1550 
20180810_iphone_green_0034_371.jpg 1 rock 64 848 735 1650 
20180810_iphone_green_0076_256.jpg 1 rock 373 607 883 1195 
20180810_iphone_green_0103_261.jpg 1 rock 295 666 653 1198 
20180810_iphone_green_0104_11.jpg 1 rock 323 814 935 1433 
20180810_iphone_green_0047_566.jpg 1 rock 516 505 848 1165 
20180810_iphone_green_0090_346.jpg 1 rock 95 671 609 1414 
20180810_iphone_green_0104_221.jpg 1 rock 538 793 1035 1386 
20180810_iphone_green_0033_331.jpg 1 rock 409 588 845 1226 
20180810_iphone_green_0012_171.jpg 1 rock 147 590 695 1338 
20180810_iphone_green_0020_231.jpg 1 rock 302 783 726 1400 
20180810_iphone_green_0048_21.jpg 1 rock 407 755 819 1319 
20180810_iphone_green_0012_161.jpg 1 rock 300 479 921 1340 
20180810_iphone_green_0020_221.jpg 1 rock 261 848 692 1367 
20180810_iphone_green_0047_576.jpg 1 rock 461 419 803 1094 
20180810_iphone_green_0061_206.jpg 1 rock 590 436 1071 979 
20180810_iphone_green_0104_231.jpg 1 rock 557 862 1023 1345 
20180810_iphone_green_0033_321.jpg 1 rock 130 524 842 1326 
20180810_iphone_green_0012_411.jpg 1 rock 385 700 1057 1533 
20180810_iphone_green_0048_336.jpg 1 rock 200 219 1007 1255 
20180810_iphone_green_0075_391.jpg 1 rock 207 540 740 1519 
20180810_iphone_green_0034_361.jpg 1 rock 138 914 800 1631 
20180810_iphone_green_0076_246.jpg 1 rock 442 557 964 1157 
20180810_iphone_green_0103_271.jpg 1 rock 276 558 593 1014 
20180810_iphone_green_0076_291.jpg 1 rock 97 436 690 1112 
20180810_iphone_green_0075_346.jpg 1 rock 603 848 838 1311 
20180810_iphone_green_0089_221.jpg 1 rock 280 510 947 1536 
20180810_iphone_green_0076_6.jpg 1 rock 109 519 842 1252 
20180810_iphone_green_0033_6.jpg 1 rock 473 598 897 1155 
20180810_iphone_green_0012_71.jpg 1 rock 280 467 857 1507 
20180810_iphone_green_0076_326.jpg 1 rock 397 490 1030 1202 
20180810_iphone_green_0103_311.jpg 1 rock 450 517 847 1212 
20180810_iphone_green_0090_66.jpg 1 rock 342 574 814 1260 
20180810_iphone_green_0034_201.jpg 1 rock 190 655 1004 1450 
20180810_iphone_green_0047_166.jpg 1 rock 402 650 978 1722 
20180810_iphone_green_0089_341.jpg 1 rock 607 736 864 1243 
20180810_iphone_green_0075_226.jpg 1 rock 614 790 911 1257 
20180810_iphone_green_0034_61.jpg 1 rock 159 764 654 1305 
20180810_iphone_green_0033_296.jpg 1 rock 261 524 909 1443 
20180810_iphone_green_0104_386.jpg 1 rock 450 874 833 1302 
20180810_iphone_green_0020_341.jpg 1 rock 85 400 590 1274 
20180810_iphone_green_0047_416.jpg 1 rock 297 498 664 1326 
20180810_iphone_green_0020_396.jpg 1 rock 347 426 783 1267 
20180810_iphone_green_0060_161.jpg 1 rock 228 481 946 1605 
20180810_iphone_green_0033_241.jpg 1 rock 450 357 900 1000 
20180810_iphone_green_0104_351.jpg 1 rock 142 917 933 1552 
20180810_iphone_green_0090_236.jpg 1 rock 273 558 532 996 
20180810_iphone_green_0089_156.jpg 1 rock 392 671 983 1652 
20180810_iphone_green_0089_91.jpg 1 rock 361 581 679 1255 
20180810_iphone_green_0047_371.jpg 1 rock 409 688 683 1310 
20180810_iphone_green_0089_46.jpg 1 rock 495 524 719 958 
20180810_iphone_green_0076_131.jpg 1 rock 521 664 888 1236 
20180810_iphone_green_0103_106.jpg 1 rock 150 517 678 1583 
20180810_iphone_green_0089_181.jpg 1 rock 304 555 1023 1562 
20180810_iphone_green_0020_181.jpg 1 rock 33 571 840 1517 
20180810_iphone_green_0076_496.jpg 1 rock 273 319 842 990 
20180810_iphone_green_0021_386.jpg 1 rock 140 388 883 1148 
20180810_iphone_green_0061_171.jpg 1 rock 585 462 1030 1093 
20180810_iphone_green_0061_61.jpg 1 rock 269 536 1045 1410 
20180810_iphone_green_0033_41.jpg 1 rock 194 731 796 1560 
20180810_iphone_green_0021_351.jpg 1 rock 380 355 895 971 
20180810_iphone_green_0076_441.jpg 1 rock 95 455 750 1214 
20180810_iphone_green_0034_566.jpg 1 rock 95 343 733 1031 
20180810_iphone_green_0020_156.jpg 1 rock 269 595 916 1538 
20180810_iphone_green_0047_71.jpg 1 rock 468 747 787 1346 
20180810_iphone_green_0033_96.jpg 1 rock 288 731 757 1298 
20180810_iphone_green_0048_531.jpg 1 rock 461 795 895 1269 
20180810_iphone_green_0075_421.jpg 1 rock 278 381 923 1321 
20180810_iphone_green_0090_141.jpg 1 rock 361 614 995 1548 
20180810_iphone_green_0060_216.jpg 1 rock 433 776 739 1269 
20180810_iphone_green_0034_406.jpg 1 rock 276 871 840 1500 
20180810_iphone_green_0076_521.jpg 1 rock 26 324 800 1221 
20180810_iphone_green_0090_196.jpg 1 rock 297 498 630 1038 
20180810_iphone_green_0012_376.jpg 1 rock 533 636 1033 1424 
20180810_iphone_green_0103_21.jpg 1 rock 342 694 674 1287 
20180810_iphone_green_0060_21.jpg 1 rock 457 543 895 1202 
20180810_iphone_green_0020_591.jpg 1 rock 587 397 903 958 
20180810_iphone_green_0104_556.jpg 1 rock 483 686 916 1169 
20180810_iphone_green_0033_446.jpg 1 rock 374 645 795 1198 
20180810_iphone_green_0075_151.jpg 1 rock 290 443 926 1352 
20180810_iphone_green_0047_211.jpg 1 rock 452 331 1024 1584 
20180810_iphone_green_0021_41.jpg 1 rock 54 605 926 1602 
20180810_iphone_green_0075_186.jpg 1 rock 678 457 1042 1157 
20180810_iphone_green_0034_176.jpg 1 rock 404 788 971 1355 
20180810_iphone_green_0033_491.jpg 1 rock 330 690 1052 1505 
20180810_iphone_green_0020_546.jpg 1 rock 538 352 1014 1205 
20180810_iphone_green_0021_96.jpg 1 rock 116 714 552 1252 
20180810_iphone_green_0048_36.jpg 1 rock 373 826 752 1371 
20180810_iphone_green_0012_176.jpg 1 rock 95 645 697 1371 
20180810_iphone_green_0020_236.jpg 1 rock 347 643 702 1367 
20180810_iphone_green_0047_561.jpg 1 rock 500 593 830 1245 
20180810_iphone_green_0061_211.jpg 1 rock 573 469 1066 1031 
20180810_iphone_green_0090_341.jpg 1 rock 97 640 614 1393 
20180810_iphone_green_0033_336.jpg 1 rock 413 598 820 1173 
20180810_iphone_green_0104_226.jpg 1 rock 559 840 1052 1379 
20180810_iphone_green_0012_406.jpg 1 rock 344 685 1036 1563 
20180810_iphone_green_0048_321.jpg 1 rock 333 262 1009 1112 
20180810_iphone_green_0090_6.jpg 1 rock 407 664 750 1186 
20180810_iphone_green_0075_386.jpg 1 rock 219 564 738 1531 
20180810_iphone_green_0103_266.jpg 1 rock 261 629 600 1106 
20180810_iphone_green_0076_251.jpg 1 rock 414 590 914 1167 
20180810_iphone_green_0034_376.jpg 1 rock 40 802 711 1657 
20180810_iphone_green_0104_16.jpg 1 rock 233 771 919 1440 
20180810_iphone_green_0076_286.jpg 1 rock 135 445 728 1107 
20180810_iphone_green_0089_236.jpg 1 rock 404 621 930 1569 
20180810_iphone_green_0075_351.jpg 1 rock 540 779 808 1282 
20180810_iphone_green_0012_66.jpg 1 rock 330 495 904 1517 
20180810_iphone_green_0090_71.jpg 1 rock 383 529 809 1167 
20180810_iphone_green_0034_216.jpg 1 rock 209 736 838 1374 
20180810_iphone_green_0103_306.jpg 1 rock 466 387 922 1060 
20180810_iphone_green_0076_331.jpg 1 rock 357 500 950 1164 
20180810_iphone_green_0021_421.jpg 1 rock 271 360 830 1014 
20180810_iphone_green_0048_296.jpg 1 rock 500 483 1016 1138 
20180810_iphone_green_0047_171.jpg 1 rock 433 614 1028 1745 
20180810_iphone_green_0075_16.jpg 1 rock 70 440 676 1438 
20180810_iphone_green_0075_231.jpg 1 rock 577 778 886 1265 
20180810_iphone_green_0089_356.jpg 1 rock 600 824 897 1402 
20180810_iphone_green_0034_76.jpg 1 rock 254 800 807 1417 
20180810_iphone_green_0021_151.jpg 1 rock 14 367 669 1236 
20180810_iphone_green_0104_391.jpg 1 rock 461 871 821 1274 
20180810_iphone_green_0033_281.jpg 1 rock 277 510 830 1252 
20180810_iphone_green_0020_356.jpg 1 rock 302 460 738 1279 
20180810_iphone_green_0047_401.jpg 1 rock 328 550 686 1350 
20180810_iphone_green_0060_176.jpg 1 rock 337 506 1006 1562 
20180810_iphone_green_0020_381.jpg 1 rock 519 452 940 1286 
20180810_iphone_green_0104_346.jpg 1 rock 109 952 957 1619 
20180810_iphone_green_0033_256.jpg 1 rock 450 435 840 985 
20180810_iphone_green_0090_221.jpg 1 rock 256 521 506 944 
20180810_iphone_green_0021_186.jpg 1 rock 295 590 723 1148 
20180810_iphone_green_0089_141.jpg 1 rock 402 488 938 1538 
20180810_iphone_green_0089_6.jpg 1 rock 357 505 761 1276 
20180810_iphone_green_0104_421.jpg 1 rock 392 802 838 1317 
20180810_iphone_green_0089_86.jpg 1 rock 361 579 647 1181 
20180810_iphone_green_0047_366.jpg 1 rock 479 650 758 1274 
20180810_iphone_green_0089_51.jpg 1 rock 487 513 706 973 
20180810_iphone_green_0103_111.jpg 1 rock 283 612 742 1557 
20180810_iphone_green_0076_126.jpg 1 rock 526 710 897 1224 
20180810_iphone_green_0089_196.jpg 1 rock 78 500 807 1517 
20180810_iphone_green_0020_196.jpg 1 rock 123 764 526 1450 
20180810_iphone_green_0060_361.jpg 1 rock 200 829 811 1719 
20180810_iphone_green_0076_481.jpg 1 rock 409 524 809 1007 
20180810_iphone_green_0061_166.jpg 1 rock 471 490 1014 1198 
20180810_iphone_green_0021_391.jpg 1 rock 138 412 857 1176 
20180810_iphone_green_0033_56.jpg 1 rock 140 724 778 1590 
20180810_iphone_green_0061_76.jpg 1 rock 492 645 1026 1248 
20180810_iphone_green_0021_346.jpg 1 rock 369 374 902 969 
20180810_iphone_green_0034_571.jpg 1 rock 80 419 697 1093 
20180810_iphone_green_0076_456.jpg 1 rock 269 557 733 1100 
20180810_iphone_green_0020_141.jpg 1 rock 423 800 785 1507 
20180810_iphone_green_0047_66.jpg 1 rock 472 781 793 1384 
20180810_iphone_green_0033_81.jpg 1 rock 332 797 677 1294 
20180810_iphone_green_0048_526.jpg 1 rock 485 790 916 1269 
20180810_iphone_green_0090_156.jpg 1 rock 171 460 861 1512 
20180810_iphone_green_0075_436.jpg 1 rock 250 505 909 1374 
20180810_iphone_green_0033_121.jpg 1 rock 92 714 919 1562 
20180810_iphone_green_0060_201.jpg 1 rock 566 747 922 1321 
20180810_iphone_green_0034_411.jpg 1 rock 378 893 838 1464 
20180810_iphone_green_0090_181.jpg 1 rock 188 519 688 1310 
20180810_iphone_green_0012_361.jpg 1 rock 535 567 974 1203 
20180810_iphone_green_0103_36.jpg 1 rock 338 757 835 1676 
20180810_iphone_green_0060_36.jpg 1 rock 345 526 866 1298 
20180810_iphone_green_0020_586.jpg 1 rock 609 346 921 894 
20180810_iphone_green_0033_451.jpg 1 rock 392 612 838 1214 
20180810_iphone_green_0104_541.jpg 1 rock 476 662 895 1114 
20180810_iphone_green_0075_146.jpg 1 rock 288 440 892 1305 
20180810_iphone_green_0047_206.jpg 1 rock 415 381 965 1594 
20180810_iphone_green_0021_56.jpg 1 rock 214 598 852 1331 
20180810_iphone_green_0075_191.jpg 1 rock 726 490 1066 1107 
20180810_iphone_green_0034_161.jpg 1 rock 473 1014 1054 1595 
20180810_iphone_green_0033_486.jpg 1 rock 195 652 1011 1514 
20180810_iphone_green_0020_551.jpg 1 rock 638 426 1045 1145 
20180810_iphone_green_0021_81.jpg 1 rock 330 852 797 1329 
20180810_iphone_green_0060_86.jpg 1 rock 535 510 966 1140 
20180810_iphone_green_0020_536.jpg 1 rock 359 294 962 1344 
20180810_iphone_green_0048_151.jpg 1 rock 530 693 921 1255 
20180810_iphone_green_0075_1.jpg 1 rock 261 631 783 1464 
20180810_iphone_green_0075_121.jpg 1 rock 638 624 959 1207 
20180810_iphone_green_0060_51.jpg 1 rock 204 448 890 1431 
20180810_iphone_green_0033_436.jpg 1 rock 375 665 750 1166 
20180810_iphone_green_0104_526.jpg 1 rock 516 864 909 1343 
20180810_iphone_green_0047_261.jpg 1 rock 440 474 821 1188 
20180810_iphone_green_0048_186.jpg 1 rock 588 795 1023 1312 
20180810_iphone_green_0075_486.jpg 1 rock 397 614 883 1526 
20180810_iphone_green_0021_241.jpg 1 rock 207 274 1007 1136 
20180810_iphone_green_0033_191.jpg 1 rock 335 445 821 1286 
20180810_iphone_green_0012_306.jpg 1 rock 276 588 895 1436 
20180810_iphone_green_0103_51.jpg 1 rock 124 541 715 1628 
20180810_iphone_green_0048_421.jpg 1 rock 478 990 897 1495 
20180810_iphone_green_0060_266.jpg 1 rock 407 600 864 1267 
20180810_iphone_green_0021_296.jpg 1 rock 123 383 800 1188 
20180810_iphone_green_0090_131.jpg 1 rock 411 719 1007 1536 
20180810_iphone_green_0075_451.jpg 1 rock 250 529 911 1369 
20180810_iphone_green_0103_86.jpg 1 rock 174 272 846 1541 
20180810_iphone_green_0034_516.jpg 1 rock 228 610 726 1205 
20180810_iphone_green_0103_406.jpg 1 rock 496 549 800 1046 
20180810_iphone_green_0020_126.jpg 1 rock 205 706 534 1298 
20180810_iphone_green_0048_541.jpg 1 rock 414 810 857 1305 
20180810_iphone_green_0012_6.jpg 1 rock 285 536 838 1457 
20180810_iphone_green_0012_266.jpg 1 rock 500 500 1047 1281 
20180810_iphone_green_0061_101.jpg 1 rock 507 657 935 1160 
20180810_iphone_green_0020_71.jpg 1 rock 361 710 854 1650 
20180810_iphone_green_0104_136.jpg 1 rock 138 771 680 1443 
20180810_iphone_green_0033_31.jpg 1 rock 257 752 735 1443 
20180810_iphone_green_0061_11.jpg 1 rock 407 657 909 1202 
20180810_iphone_green_0089_36.jpg 1 rock 477 560 727 1069 
20180810_iphone_green_0020_456.jpg 1 rock 121 465 556 1171 
20180810_iphone_green_0104_491.jpg 1 rock 192 571 878 1493 
20180810_iphone_green_0103_176.jpg 1 rock 569 513 816 1053 
20180810_iphone_green_0104_446.jpg 1 rock 28 760 688 1538 
20180810_iphone_green_0020_481.jpg 1 rock 419 414 878 1155 
20180810_iphone_green_0089_126.jpg 1 rock 300 529 773 1417 
20180810_iphone_green_0047_301.jpg 1 rock 302 836 750 1779 
20180810_iphone_green_0048_1.jpg 1 rock 335 471 814 1157 
20180810_iphone_green_0047_466.jpg 1 rock 356 711 656 1326 
20180810_iphone_green_0090_246.jpg 1 rock 252 610 545 1071 
20180810_iphone_green_0060_111.jpg 1 rock 451 765 814 1305 
20180810_iphone_green_0104_321.jpg 1 rock 238 852 1061 1498 
20180810_iphone_green_0020_331.jpg 1 rock 100 426 602 1310 
20180810_iphone_green_0075_71.jpg 1 rock 597 279 957 964 
20180810_iphone_green_0047_116.jpg 1 rock 469 667 947 1512 
20180810_iphone_green_0034_11.jpg 1 rock 345 707 1042 1450 
20180810_iphone_green_0076_381.jpg 1 rock 276 583 721 1093 
20180810_iphone_green_0075_256.jpg 1 rock 385 605 790 1281 
20180810_iphone_green_0089_331.jpg 1 rock 583 700 826 1169 
20180810_iphone_green_0048_226.jpg 1 rock 316 755 1009 1521 
20180810_iphone_green_0034_271.jpg 1 rock 64 724 866 1538 
20180810_iphone_green_0090_16.jpg 1 rock 442 683 840 1295 
20180810_iphone_green_0103_361.jpg 1 rock 442 466 832 1129 
20180810_iphone_green_0076_356.jpg 1 rock 369 702 740 1126 
20180810_iphone_green_0048_391.jpg 1 rock 378 800 809 1340 
20180810_iphone_green_0089_251.jpg 1 rock 331 747 837 1650 
20180810_iphone_green_0075_336.jpg 1 rock 682 971 893 1371 
20180810_iphone_green_0103_201.jpg 1 rock 450 548 928 1321 
20180810_iphone_green_0034_311.jpg 1 rock 323 988 830 1517 
20180810_iphone_green_0104_71.jpg 1 rock 145 538 769 1214 
20180810_iphone_green_0089_286.jpg 1 rock 385 736 866 1445 
20180810_iphone_green_0047_506.jpg 1 rock 500 516 787 1139 
20180810_iphone_green_0033_351.jpg 1 rock 335 614 800 1086 
20180810_iphone_green_0104_241.jpg 1 rock 511 788 940 1226 
20180810_iphone_green_0090_326.jpg 1 rock 109 593 659 1421 
20180810_iphone_green_0012_111.jpg 1 rock 149 406 818 1584 
20180810_iphone_green_0020_251.jpg 1 rock 298 510 813 1260 
20180810_iphone_green_0033_386.jpg 1 rock 223 474 988 1293 
20180810_iphone_green_0104_296.jpg 1 rock 347 717 911 1202 
20180810_iphone_green_0060_91.jpg 1 rock 530 540 938 1133 
20180810_iphone_green_0020_521.jpg 1 rock 264 329 766 1212 
20180810_iphone_green_0048_146.jpg 1 rock 561 669 985 1264 
20180810_iphone_green_0075_136.jpg 1 rock 452 529 938 1276 
20180810_iphone_green_0060_46.jpg 1 rock 257 486 890 1390 
20180810_iphone_green_0104_531.jpg 1 rock 502 788 897 1269 
20180810_iphone_green_0033_421.jpg 1 rock 457 562 852 1117 
20180810_iphone_green_0047_276.jpg 1 rock 319 705 726 1476 
20180810_iphone_green_0048_191.jpg 1 rock 585 807 1042 1333 
20180810_iphone_green_0075_491.jpg 1 rock 388 645 888 1514 
20180810_iphone_green_0021_256.jpg 1 rock 321 290 1042 1105 
20180810_iphone_green_0034_461.jpg 1 rock 52 707 628 1348 
20180810_iphone_green_0012_311.jpg 1 rock 302 464 954 1374 
20180810_iphone_green_0103_46.jpg 1 rock 154 621 740 1676 
20180810_iphone_green_0048_436.jpg 1 rock 266 843 759 1398 
20180810_iphone_green_0060_271.jpg 1 rock 407 557 864 1260 
20180810_iphone_green_0021_281.jpg 1 rock 314 505 864 1102 
20180810_iphone_green_0075_446.jpg 1 rock 273 538 952 1381 
20180810_iphone_green_0090_126.jpg 1 rock 416 774 969 1512 
20180810_iphone_green_0103_91.jpg 1 rock 137 256 806 1566 
20180810_iphone_green_0103_411.jpg 1 rock 472 644 762 1146 
20180810_iphone_green_0020_131.jpg 1 rock 205 805 600 1382 
20180810_iphone_green_0021_336.jpg 1 rock 223 417 804 1090 
20180810_iphone_green_0034_6.jpg 1 rock 385 679 1023 1355 
20180810_iphone_green_0047_16.jpg 1 rock 92 510 766 1462 
20180810_iphone_green_0020_66.jpg 1 rock 364 748 852 1650 
20180810_iphone_green_0061_116.jpg 1 rock 392 619 888 1195 
20180810_iphone_green_0104_121.jpg 1 rock 395 802 828 1326 
20180810_iphone_green_0033_26.jpg 1 rock 292 750 740 1400 
20180810_iphone_green_0089_21.jpg 1 rock 427 579 737 1195 
20180810_iphone_green_0104_486.jpg 1 rock 134 503 874 1488 
20180810_iphone_green_0103_161.jpg 1 rock 491 776 718 1215 
20180810_iphone_green_0104_451.jpg 1 rock 73 698 776 1540 
20180810_iphone_green_0020_496.jpg 1 rock 351 308 766 1034 
20180810_iphone_green_0089_131.jpg 1 rock 321 560 809 1512 
20180810_iphone_green_0047_316.jpg 1 rock 276 840 771 1767 
20180810_iphone_green_0047_471.jpg 1 rock 404 717 712 1340 
20180810_iphone_green_0090_251.jpg 1 rock 223 619 533 1119 
20180810_iphone_green_0060_106.jpg 1 rock 476 705 847 1245 
20180810_iphone_green_0104_336.jpg 1 rock 138 976 1028 1683 
20180810_iphone_green_0020_326.jpg 1 rock 128 426 623 1319 
20180810_iphone_green_0021_121.jpg 1 rock 123 333 602 1019 
20180810_iphone_green_0075_66.jpg 1 rock 557 252 957 1048 
20180810_iphone_green_0047_101.jpg 1 rock 430 652 823 1386 
20180810_iphone_green_0089_326.jpg 1 rock 579 666 823 1130 
20180810_iphone_green_0075_241.jpg 1 rock 523 721 876 1262 
20180810_iphone_green_0048_231.jpg 1 rock 295 721 1033 1555 
20180810_iphone_green_0075_296.jpg 1 rock 661 640 978 1326 
20180810_iphone_green_0012_16.jpg 1 rock 273 571 790 1495 
20180810_iphone_green_0076_341.jpg 1 rock 304 638 778 1176 
20180810_iphone_green_0103_376.jpg 1 rock 482 374 848 935 
20180810_iphone_green_0034_266.jpg 1 rock 128 712 847 1443 
20180810_iphone_green_0048_386.jpg 1 rock 359 738 819 1298 
20180810_iphone_green_0075_321.jpg 1 rock 690 873 917 1305 
20180810_iphone_green_0089_246.jpg 1 rock 383 702 861 1610 
20180810_iphone_green_0034_306.jpg 1 rock 361 950 895 1510 
20180810_iphone_green_0076_221.jpg 1 rock 335 569 1057 1440 
20180810_iphone_green_0103_216.jpg 1 rock 371 409 968 1529 
20180810_iphone_green_0104_66.jpg 1 rock 73 562 757 1307 
20180810_iphone_green_0089_291.jpg 1 rock 440 731 883 1419 
20180810_iphone_green_0047_511.jpg 1 rock 485 479 764 1098 
20180810_iphone_green_0104_256.jpg 1 rock 548 792 948 1188 
20180810_iphone_green_0033_346.jpg 1 rock 296 569 795 1067 
20180810_iphone_green_0090_331.jpg 1 rock 92 595 633 1383 
20180810_iphone_green_0012_106.jpg 1 rock 146 384 815 1553 
20180810_iphone_green_0048_46.jpg 1 rock 345 776 704 1319 
20180810_iphone_green_0020_246.jpg 1 rock 288 518 742 1277 
20180810_iphone_green_0104_281.jpg 1 rock 400 631 852 1100 
20180810_iphone_green_0033_391.jpg 1 rock 366 455 1080 1348 
20180810_iphone_green_0012_116.jpg 1 rock 156 425 828 1559 
20180810_iphone_green_0020_256.jpg 1 rock 292 436 838 1181 
20180810_iphone_green_0104_291.jpg 1 rock 373 655 897 1148 
20180810_iphone_green_0033_381.jpg 1 rock 246 558 902 1223 
20180810_iphone_green_0047_501.jpg 1 rock 496 525 790 1169 
20180810_iphone_green_0104_246.jpg 1 rock 521 762 933 1186 
20180810_iphone_green_0033_356.jpg 1 rock 385 612 847 1131 
20180810_iphone_green_0090_321.jpg 1 rock 64 638 654 1479 
20180810_iphone_green_0048_341.jpg 1 rock 188 245 1035 1310 
20180810_iphone_green_0034_316.jpg 1 rock 297 1014 788 1531 
20180810_iphone_green_0103_206.jpg 1 rock 400 573 828 1381 
20180810_iphone_green_0104_76.jpg 1 rock 233 538 797 1160 
20180810_iphone_green_0089_281.jpg 1 rock 359 712 857 1455 
20180810_iphone_green_0048_396.jpg 1 rock 378 874 788 1381 
20180810_iphone_green_0075_331.jpg 1 rock 686 967 891 1364 
20180810_iphone_green_0089_256.jpg 1 rock 361 729 850 1638 
20180810_iphone_green_0048_221.jpg 1 rock 373 786 1021 1507 
20180810_iphone_green_0076_351.jpg 1 rock 352 705 750 1164 
20180810_iphone_green_0103_366.jpg 1 rock 507 426 866 1043 
20180810_iphone_green_0090_11.jpg 1 rock 421 667 783 1210 
20180810_iphone_green_0034_276.jpg 1 rock 52 750 928 1648 
20180810_iphone_green_0047_111.jpg 1 rock 442 671 905 1475 
20180810_iphone_green_0075_76.jpg 1 rock 608 347 941 953 
20180810_iphone_green_0076_386.jpg 1 rock 185 538 716 1133 
20180810_iphone_green_0034_16.jpg 1 rock 276 733 1059 1521 
20180810_iphone_green_0089_336.jpg 1 rock 606 716 851 1206 
20180810_iphone_green_0075_251.jpg 1 rock 426 640 816 1267 
20180810_iphone_green_0020_336.jpg 1 rock 80 417 583 1298 
20180810_iphone_green_0021_131.jpg 1 rock 130 467 745 1174 
20180810_iphone_green_0047_461.jpg 1 rock 309 700 611 1314 
20180810_iphone_green_0090_241.jpg 1 rock 276 581 540 1033 
20180810_iphone_green_0060_116.jpg 1 rock 421 805 792 1348 
20180810_iphone_green_0033_236.jpg 1 rock 440 387 945 1081 
20180810_iphone_green_0104_326.jpg 1 rock 180 898 1047 1576 
20180810_iphone_green_0020_486.jpg 1 rock 414 376 876 1126 
20180810_iphone_green_0089_121.jpg 1 rock 369 474 864 1336 
20180810_iphone_green_0047_306.jpg 1 rock 288 757 750 1712 
20180810_iphone_green_0048_6.jpg 1 rock 402 486 854 1136 
20180810_iphone_green_0020_451.jpg 1 rock 38 452 445 1174 
20180810_iphone_green_0089_31.jpg 1 rock 469 585 735 1131 
20180810_iphone_green_0103_171.jpg 1 rock 530 616 750 1106 
20180810_iphone_green_0104_496.jpg 1 rock 285 679 921 1519 
20180810_iphone_green_0020_76.jpg 1 rock 369 652 890 1652 
20180810_iphone_green_0061_106.jpg 1 rock 488 657 928 1162 
20180810_iphone_green_0104_131.jpg 1 rock 319 767 845 1393 
20180810_iphone_green_0061_16.jpg 1 rock 378 652 907 1240 
20180810_iphone_green_0033_36.jpg 1 rock 245 757 764 1500 
20180810_iphone_green_0103_401.jpg 1 rock 490 492 809 989 
20180810_iphone_green_0034_511.jpg 1 rock 159 481 716 1110 
20180810_iphone_green_0020_121.jpg 1 rock 221 617 583 1238 
20180810_iphone_green_0012_1.jpg 1 rock 273 538 840 1455 
20180810_iphone_green_0012_261.jpg 1 rock 445 464 997 1271 
20180810_iphone_green_0060_261.jpg 1 rock 428 640 866 1276 
20180810_iphone_green_0021_291.jpg 1 rock 233 429 830 1138 
20180810_iphone_green_0075_456.jpg 1 rock 221 464 854 1343 
20180810_iphone_green_0090_136.jpg 1 rock 395 645 1011 1543 
20180810_iphone_green_0103_81.jpg 1 rock 181 281 796 1528 
20180810_iphone_green_0075_481.jpg 1 rock 416 538 883 1469 
20180810_iphone_green_0021_246.jpg 1 rock 245 231 1033 1110 
20180810_iphone_green_0034_471.jpg 1 rock 90 902 728 1564 
20180810_iphone_green_0033_196.jpg 1 rock 135 355 914 1376 
20180810_iphone_green_0012_301.jpg 1 rock 314 614 916 1407 
20180810_iphone_green_0103_56.jpg 1 rock 141 481 718 1575 
20180810_iphone_green_0048_426.jpg 1 rock 454 857 900 1379 
20180810_iphone_green_0075_126.jpg 1 rock 609 612 985 1250 
20180810_iphone_green_0060_56.jpg 1 rock 152 391 909 1462 
20180810_iphone_green_0104_521.jpg 1 rock 545 890 954 1393 
20180810_iphone_green_0033_431.jpg 1 rock 471 674 813 1145 
20180810_iphone_green_0047_266.jpg 1 rock 407 483 788 1198 
20180810_iphone_green_0048_181.jpg 1 rock 573 786 992 1298 
20180810_iphone_green_0060_81.jpg 1 rock 538 479 1007 1167 
20180810_iphone_green_0020_531.jpg 1 rock 338 333 897 1331 
20180810_iphone_green_0048_156.jpg 1 rock 530 724 907 1257 
20180810_iphone_green_0075_6.jpg 1 rock 197 588 761 1476 
20180810_iphone_green_0012_101.jpg 1 rock 161 402 818 1550 
20180810_iphone_green_0048_41.jpg 1 rock 357 798 723 1336 
20180810_iphone_green_0020_241.jpg 1 rock 305 523 700 1294 
20180810_iphone_green_0104_286.jpg 1 rock 373 593 847 1081 
20180810_iphone_green_0047_516.jpg 1 rock 474 406 751 1021 
20180810_iphone_green_0048_96.jpg 1 rock 414 750 926 1505 
20180810_iphone_green_0033_341.jpg 1 rock 343 529 817 1110 
20180810_iphone_green_0104_251.jpg 1 rock 538 755 938 1169 
20180810_iphone_green_0090_336.jpg 1 rock 95 624 619 1400 
20180810_iphone_green_0103_211.jpg 1 rock 378 560 873 1474 
20180810_iphone_green_0034_301.jpg 1 rock 369 890 947 1498 
20180810_iphone_green_0089_296.jpg 1 rock 453 715 849 1355 
20180810_iphone_green_0048_381.jpg 1 rock 347 683 842 1290 
20180810_iphone_green_0089_241.jpg 1 rock 383 631 864 1543 
20180810_iphone_green_0075_326.jpg 1 rock 689 926 898 1349 
20180810_iphone_green_0034_261.jpg 1 rock 169 681 819 1345 
20180810_iphone_green_0103_371.jpg 1 rock 488 395 842 974 
20180810_iphone_green_0076_346.jpg 1 rock 316 688 752 1181 
20180810_iphone_green_0047_106.jpg 1 rock 427 675 852 1442 
20180810_iphone_green_0075_61.jpg 1 rock 461 255 895 1174 
20180810_iphone_green_0076_391.jpg 1 rock 80 502 738 1238 
20180810_iphone_green_0075_246.jpg 1 rock 475 681 852 1265 
20180810_iphone_green_0089_321.jpg 1 rock 561 651 809 1110 
20180810_iphone_green_0020_321.jpg 1 rock 150 421 626 1329 
20180810_iphone_green_0021_126.jpg 1 rock 121 421 652 1112 
20180810_iphone_green_0047_476.jpg 1 rock 421 748 730 1383 
20180810_iphone_green_0090_256.jpg 1 rock 204 626 552 1176 
20180810_iphone_green_0060_101.jpg 1 rock 508 639 879 1182 
20180810_iphone_green_0104_331.jpg 1 rock 142 931 1033 1655 
20180810_iphone_green_0104_456.jpg 1 rock 173 607 919 1538 
20180810_iphone_green_0020_491.jpg 1 rock 364 343 797 1083 
20180810_iphone_green_0089_136.jpg 1 rock 369 517 885 1526 
20180810_iphone_green_0047_311.jpg 1 rock 283 745 769 1712 
20180810_iphone_green_0089_26.jpg 1 rock 439 578 719 1152 
20180810_iphone_green_0103_166.jpg 1 rock 505 710 717 1166 
20180810_iphone_green_0104_481.jpg 1 rock 65 434 812 1453 
20180810_iphone_green_0061_111.jpg 1 rock 464 645 911 1169 
20180810_iphone_green_0020_61.jpg 1 rock 361 767 842 1645 
20180810_iphone_green_0104_126.jpg 1 rock 400 790 878 1379 
20180810_iphone_green_0033_21.jpg 1 rock 329 710 750 1331 
20180810_iphone_green_0034_506.jpg 1 rock 52 369 719 1060 
20180810_iphone_green_0103_416.jpg 1 rock 456 727 742 1231 
20180810_iphone_green_0020_136.jpg 1 rock 292 843 700 1455 
20180810_iphone_green_0047_11.jpg 1 rock 66 362 745 1340 
20180810_iphone_green_0034_1.jpg 1 rock 397 607 973 1245 
20180810_iphone_green_0033_156.jpg 1 rock 340 467 757 1143 
20180810_iphone_green_0060_276.jpg 1 rock 395 538 840 1240 
20180810_iphone_green_0021_286.jpg 1 rock 283 474 847 1119 
20180810_iphone_green_0090_121.jpg 1 rock 373 788 904 1448 
20180810_iphone_green_0075_441.jpg 1 rock 264 529 930 1376 
20180810_iphone_green_0075_496.jpg 1 rock 385 662 914 1495 
20180810_iphone_green_0021_251.jpg 1 rock 300 245 1057 1117 
20180810_iphone_green_0034_466.jpg 1 rock 52 805 678 1476 
20180810_iphone_green_0033_181.jpg 1 rock 428 529 800 1169 
20180810_iphone_green_0012_316.jpg 1 rock 202 362 871 1326 
20180810_iphone_green_0103_41.jpg 1 rock 252 714 792 1731 
20180810_iphone_green_0048_431.jpg 1 rock 380 805 845 1352 
20180810_iphone_green_0075_131.jpg 1 rock 545 573 967 1263 
20180810_iphone_green_0060_41.jpg 1 rock 309 512 876 1360 
20180810_iphone_green_0033_426.jpg 1 rock 521 657 864 1131 
20180810_iphone_green_0104_536.jpg 1 rock 519 663 925 1135 
20180810_iphone_green_0047_271.jpg 1 rock 359 577 759 1317 
20180810_iphone_green_0048_196.jpg 1 rock 585 824 1054 1360 
20180810_iphone_green_0021_21.jpg 1 rock 40 495 711 1307 
20180810_iphone_green_0060_96.jpg 1 rock 511 567 895 1133 
20180810_iphone_green_0020_526.jpg 1 rock 302 357 838 1274 
