zan_20180725___iPhoneX___0003_26.jpg 1 zan 247 133 461 500 
zan_20180725___iPhoneX___0010_66.jpg 1 zan 404 652 771 1193 
zan_20180725___iPhoneX___0004_176.jpg 1 zan 735 186 1011 624 
zan_20180725___iPhoneX___0018_346.jpg 1 zan 652 1002 957 1445 
zan_20180725___iPhoneX___0003_491.jpg 1 zan 241 361 423 721 
zan_20180725___iPhoneX___0008_346.jpg 1 zan 357 619 580 1038 
zan_20180725___iPhoneX___0014_176.jpg 1 zan 130 452 378 890 
zan_20180725___iPhoneX___0013_491.jpg 1 zan 228 593 571 1202 
zan_20180725___iPhoneX___0011_741.jpg 1 zan 414 595 923 1362 
zan_20180725___iPhoneX___0011_966.jpg 1 zan 0 36 500 814 
zan_20180725___iPhoneX___0011_796.jpg 1 zan 390 627 935 1464 
zan_20180725___iPhoneX___0008_391.jpg 1 zan 307 650 565 1006 
zan_20180725___iPhoneX___0016_271.jpg 1 zan 404 869 611 1281 
zan_20180725___iPhoneX___0010_591.jpg 1 zan 469 624 852 1190 
zan_20180725___iPhoneX___0003_446.jpg 1 zan 411 160 616 540 
zan_20180725___iPhoneX___0018_391.jpg 1 zan 540 969 826 1374 
zan_20180725___iPhoneX___0017_1121.jpg 1 zan 397 1026 678 1436 
zan_20180725___iPhoneX___0016_926.jpg 1 zan 209 557 466 1024 
zan_20180725___iPhoneX___0008_636.jpg 1 zan 295 631 540 1095 
zan_20180725___iPhoneX___0014_406.jpg 1 zan 490 397 756 766 
zan_20180725___iPhoneX___0011_231.jpg 1 zan 492 786 950 1417 
zan_20180725___iPhoneX___0016_6.jpg 1 zan 500 807 1047 1700 
zan_20180725___iPhoneX___0014_16.jpg 1 zan 292 288 650 583 
zan_20180725___iPhoneX___0004_406.jpg 1 zan 804 376 1066 798 
zan_20180725___iPhoneX___0018_636.jpg 1 zan 180 860 471 1293 
zan_20180725___iPhoneX___0008_811.jpg 1 zan 259 652 514 1045 
zan_20180725___iPhoneX___0018_811.jpg 1 zan 71 712 449 1291 
zan_20180725___iPhoneX___0003_136.jpg 1 zan 595 143 888 574 
zan_20180725___iPhoneX___0017_506.jpg 1 zan 395 1017 692 1433 
zan_20180725___iPhoneX___0013_136.jpg 1 zan 490 333 809 895 
zan_20180725___iPhoneX___0016_701.jpg 1 zan 138 600 447 993 
zan_20180725___iPhoneX___0016_1041.jpg 1 zan 164 502 511 1045 
zan_20180725___iPhoneX___0018_16.jpg 1 zan 497 967 854 1440 
zan_20180725___iPhoneX___0016_846.jpg 1 zan 309 83 607 743 
zan_20180725___iPhoneX___0017_1041.jpg 1 zan 376 1045 645 1438 
zan_20180725___iPhoneX___0011_26.jpg 1 zan 381 472 852 1162 
zan_20180725___iPhoneX___0018_756.jpg 1 zan 327 981 623 1364 
zan_20180725___iPhoneX___0010_156.jpg 1 zan 697 798 1080 1350 
zan_20180725___iPhoneX___0011_351.jpg 1 zan 285 552 671 1086 
zan_20180725___iPhoneX___0008_756.jpg 1 zan 669 571 909 1043 
zan_20180725___iPhoneX___0018_971.jpg 1 zan 185 810 619 1348 
zan_20180725___iPhoneX___0017_1096.jpg 1 zan 366 1050 676 1476 
zan_20180725___iPhoneX___0016_891.jpg 1 zan 411 910 635 1400 
zan_20180725___iPhoneX___0016_661.jpg 1 zan 90 617 573 1214 
zan_20180725___iPhoneX___0008_781.jpg 1 zan 497 652 728 1071 
zan_20180725___iPhoneX___0011_386.jpg 1 zan 433 614 802 1119 
zan_20180725___iPhoneX___0017_466.jpg 1 zan 219 1095 438 1481 
zan_20180725___iPhoneX___0010_181.jpg 1 zan 430 540 795 1112 
zan_20180725___iPhoneX___0018_781.jpg 1 zan 126 855 440 1333 
zan_20180725___iPhoneX___0011_621.jpg 1 zan 200 524 683 1186 
zan_20180725___iPhoneX___0008_226.jpg 1 zan 50 507 469 948 
zan_20180725___iPhoneX___0018_226.jpg 1 zan 419 924 714 1333 
zan_20180725___iPhoneX___0011_806.jpg 1 zan 254 474 730 1402 
zan_20180725___iPhoneX___0003_526.jpg 1 zan 733 421 1002 798 
zan_20180725___iPhoneX___0017_116.jpg 1 zan 535 910 807 1324 
zan_20180725___iPhoneX___0016_311.jpg 1 zan 78 622 381 1225 
zan_20180725___iPhoneX___0013_526.jpg 1 zan 202 721 566 1386 
zan_20180725___iPhoneX___0016_476.jpg 1 zan 454 598 907 1450 
zan_20180725___iPhoneX___0008_596.jpg 1 zan 535 507 907 1005 
zan_20180725___iPhoneX___0011_191.jpg 1 zan 452 733 833 1326 
zan_20180725___iPhoneX___0013_241.jpg 1 zan 259 474 552 1014 
zan_20180725___iPhoneX___0017_671.jpg 1 zan 526 586 783 867 
zan_20180725___iPhoneX___0010_396.jpg 1 zan 171 595 635 1171 
zan_20180725___iPhoneX___0018_596.jpg 1 zan 626 1005 911 1440 
zan_20180725___iPhoneX___0003_241.jpg 1 zan 76 248 297 660 
zan_20180725___iPhoneX___0017_881.jpg 1 zan 190 776 480 1176 
zan_20180725___iPhoneX___0018_541.jpg 1 zan 388 917 661 1298 
zan_20180725___iPhoneX___0010_341.jpg 1 zan 304 838 747 1562 
zan_20180725___iPhoneX___0014_771.jpg 1 zan 0 753 487 1384 
zan_20180725___iPhoneX___0008_541.jpg 1 zan 585 48 873 650 
zan_20180725___iPhoneX___0018_1101.jpg 1 zan 597 1081 842 1505 
zan_20180725___iPhoneX___0017_856.jpg 1 zan 314 974 585 1400 
zan_20180725___iPhoneX___0003_731.jpg 1 zan 652 181 864 600 
zan_20180725___iPhoneX___0017_301.jpg 1 zan 357 1029 647 1419 
zan_20180725___iPhoneX___0016_106.jpg 1 zan 300 883 504 1298 
zan_20180725___iPhoneX___0010_816.jpg 1 zan 200 742 613 1285 
zan_20180725___iPhoneX___0011_436.jpg 1 zan 385 533 680 1050 
zan_20180725___iPhoneX___0014_201.jpg 1 zan 405 436 587 817 
zan_20180725___iPhoneX___0010_1.jpg 1 zan 454 593 769 1071 
zan_20180725___iPhoneX___0010_631.jpg 1 zan 226 538 545 1124 
zan_20180725___iPhoneX___0004_201.jpg 1 zan 383 481 638 969 
zan_20180725___iPhoneX___0011_581.jpg 1 zan 154 364 638 1038 
zan_20180725___iPhoneX___0017_261.jpg 1 zan 304 876 573 1279 
zan_20180725___iPhoneX___0003_651.jpg 1 zan 350 33 545 469 
zan_20180725___iPhoneX___0018_186.jpg 1 zan 587 956 890 1366 
zan_20180725___iPhoneX___0004_361.jpg 1 zan 707 440 916 821 
zan_20180725___iPhoneX___0018_151.jpg 1 zan 783 1033 1080 1467 
zan_20180725___iPhoneX___0003_686.jpg 1 zan 11 274 276 750 
zan_20180725___iPhoneX___0010_751.jpg 1 zan 300 488 645 1136 
zan_20180725___iPhoneX___0008_151.jpg 1 zan 438 248 688 705 
zan_20180725___iPhoneX___0014_361.jpg 1 zan 440 417 645 781 
zan_20180725___iPhoneX___0011_556.jpg 1 zan 283 719 607 1238 
zan_20180725___iPhoneX___0017_711.jpg 1 zan 604 590 866 879 
zan_20180725___iPhoneX___0016_516.jpg 1 zan 148 762 448 1165 
zan_20180725___iPhoneX___0017_91.jpg 1 zan 457 902 740 1286 
zan_20180725___iPhoneX___0008_421.jpg 1 zan 330 476 595 860 
zan_20180725___iPhoneX___0010_221.jpg 1 zan 392 517 700 1045 
zan_20180725___iPhoneX___0018_421.jpg 1 zan 323 843 597 1302 
zan_20180725___iPhoneX___0017_46.jpg 1 zan 442 945 714 1331 
zan_20180725___iPhoneX___0017_936.jpg 1 zan 216 281 602 831 
zan_20180725___iPhoneX___0018_1061.jpg 1 zan 292 764 633 1340 
zan_20180725___iPhoneX___0003_31.jpg 1 zan 250 133 469 505 
zan_20180725___iPhoneX___0018_351.jpg 1 zan 623 1014 976 1436 
zan_20180725___iPhoneX___0003_486.jpg 1 zan 52 419 257 779 
zan_20180725___iPhoneX___0010_71.jpg 1 zan 464 669 783 1219 
zan_20180725___iPhoneX___0008_351.jpg 1 zan 350 600 585 1017 
zan_20180725___iPhoneX___0014_161.jpg 1 zan 264 419 495 881 
zan_20180725___iPhoneX___0011_756.jpg 1 zan 123 481 633 1281 
zan_20180725___iPhoneX___0013_486.jpg 1 zan 256 553 562 1188 
zan_20180725___iPhoneX___0011_971.jpg 1 zan 2 107 500 833 
zan_20180725___iPhoneX___0011_781.jpg 1 zan 485 750 964 1521 
zan_20180725___iPhoneX___0008_386.jpg 1 zan 311 640 559 1005 
zan_20180725___iPhoneX___0016_266.jpg 1 zan 454 917 664 1321 
zan_20180725___iPhoneX___0010_586.jpg 1 zan 512 644 896 1200 
zan_20180725___iPhoneX___0003_451.jpg 1 zan 459 193 655 551 
zan_20180725___iPhoneX___0018_386.jpg 1 zan 600 967 902 1379 
zan_20180725___iPhoneX___0017_1136.jpg 1 zan 419 1029 697 1429 
zan_20180725___iPhoneX___0016_931.jpg 1 zan 190 505 473 1000 
zan_20180725___iPhoneX___0008_621.jpg 1 zan 414 550 657 1062 
zan_20180725___iPhoneX___0014_411.jpg 1 zan 510 437 835 770 
zan_20180725___iPhoneX___0004_411.jpg 1 zan 702 357 954 769 
zan_20180725___iPhoneX___0018_621.jpg 1 zan 323 955 588 1374 
zan_20180725___iPhoneX___0008_806.jpg 1 zan 280 640 542 1045 
zan_20180725___iPhoneX___0018_806.jpg 1 zan 35 693 430 1269 
zan_20180725___iPhoneX___0003_121.jpg 1 zan 480 143 769 581 
zan_20180725___iPhoneX___0017_511.jpg 1 zan 433 1024 666 1445 
zan_20180725___iPhoneX___0013_121.jpg 1 zan 528 364 969 843 
zan_20180725___iPhoneX___0016_716.jpg 1 zan 276 588 566 960 
zan_20180725___iPhoneX___0016_1056.jpg 1 zan 283 574 614 1052 
zan_20180725___iPhoneX___0011_31.jpg 1 zan 469 305 930 1140 
zan_20180725___iPhoneX___0017_1056.jpg 1 zan 411 1069 707 1495 
zan_20180725___iPhoneX___0018_741.jpg 1 zan 557 969 840 1374 
zan_20180725___iPhoneX___0011_346.jpg 1 zan 321 598 642 1145 
zan_20180725___iPhoneX___0008_741.jpg 1 zan 645 507 926 1017 
zan_20180725___iPhoneX___0018_966.jpg 1 zan 171 729 557 1274 
zan_20180725___iPhoneX___0017_1081.jpg 1 zan 400 1105 714 1410 
zan_20180725___iPhoneX___0016_886.jpg 1 zan 402 874 669 1388 
zan_20180725___iPhoneX___0016_676.jpg 1 zan 71 638 457 1124 
zan_20180725___iPhoneX___0008_796.jpg 1 zan 376 648 616 1062 
zan_20180725___iPhoneX___0011_391.jpg 1 zan 395 602 766 1112 
zan_20180725___iPhoneX___0017_471.jpg 1 zan 228 1086 430 1483 
zan_20180725___iPhoneX___0010_196.jpg 1 zan 359 476 711 986 
zan_20180725___iPhoneX___0018_796.jpg 1 zan 54 707 430 1269 
zan_20180725___iPhoneX___0011_636.jpg 1 zan 361 519 807 1221 
zan_20180725___iPhoneX___0008_231.jpg 1 zan 78 588 509 1026 
zan_20180725___iPhoneX___0018_231.jpg 1 zan 485 926 761 1331 
zan_20180725___iPhoneX___0011_811.jpg 1 zan 108 491 704 1336 
zan_20180725___iPhoneX___0003_531.jpg 1 zan 726 350 971 736 
zan_20180725___iPhoneX___0017_101.jpg 1 zan 457 955 707 1343 
zan_20180725___iPhoneX___0016_306.jpg 1 zan 34 685 346 1241 
zan_20180725___iPhoneX___0013_531.jpg 1 zan 204 700 561 1362 
zan_20180725___iPhoneX___0016_461.jpg 1 zan 526 521 969 1198 
zan_20180725___iPhoneX___0013_256.jpg 1 zan 373 190 661 812 
zan_20180725___iPhoneX___0011_186.jpg 1 zan 400 688 861 1269 
zan_20180725___iPhoneX___0017_666.jpg 1 zan 490 502 721 855 
zan_20180725___iPhoneX___0010_381.jpg 1 zan 333 783 702 1407 
zan_20180725___iPhoneX___0018_581.jpg 1 zan 702 990 995 1398 
zan_20180725___iPhoneX___0003_256.jpg 1 zan 100 290 328 707 
zan_20180725___iPhoneX___0017_896.jpg 1 zan 207 543 495 1005 
zan_20180725___iPhoneX___0018_556.jpg 1 zan 490 950 842 1360 
zan_20180725___iPhoneX___0010_356.jpg 1 zan 547 869 1007 1593 
zan_20180725___iPhoneX___0011_1026.jpg 1 zan 304 250 752 957 
zan_20180725___iPhoneX___0011_151.jpg 1 zan 493 728 906 1344 
zan_20180725___iPhoneX___0014_766.jpg 1 zan 0 836 440 1443 
zan_20180725___iPhoneX___0008_556.jpg 1 zan 619 217 926 755 
zan_20180725___iPhoneX___0018_1116.jpg 1 zan 414 960 683 1381 
zan_20180725___iPhoneX___0017_841.jpg 1 zan 414 1057 700 1414 
zan_20180725___iPhoneX___0008_11.jpg 1 zan 723 7 973 579 
zan_20180725___iPhoneX___0003_726.jpg 1 zan 616 133 830 555 
zan_20180725___iPhoneX___0017_316.jpg 1 zan 297 1045 521 1424 
zan_20180725___iPhoneX___0016_111.jpg 1 zan 350 893 550 1293 
zan_20180725___iPhoneX___0011_421.jpg 1 zan 238 531 592 1048 
zan_20180725___iPhoneX___0014_216.jpg 1 zan 504 355 683 755 
zan_20180725___iPhoneX___0010_626.jpg 1 zan 133 533 514 1129 
zan_20180725___iPhoneX___0016_11.jpg 1 zan 522 782 1076 1700 
zan_20180725___iPhoneX___0004_216.jpg 1 zan 323 412 580 929 
zan_20180725___iPhoneX___0017_276.jpg 1 zan 261 898 507 1307 
zan_20180725___iPhoneX___0003_646.jpg 1 zan 347 19 547 464 
zan_20180725___iPhoneX___0018_191.jpg 1 zan 521 960 876 1369 
zan_20180725___iPhoneX___0018_146.jpg 1 zan 781 1009 1080 1459 
zan_20180725___iPhoneX___0003_691.jpg 1 zan 71 248 323 729 
zan_20180725___iPhoneX___0010_746.jpg 1 zan 242 414 600 1067 
zan_20180725___iPhoneX___0008_146.jpg 1 zan 461 298 697 750 
zan_20180725___iPhoneX___0014_376.jpg 1 zan 345 376 578 774 
zan_20180725___iPhoneX___0011_541.jpg 1 zan 331 734 715 1266 
zan_20180725___iPhoneX___0013_21.jpg 1 zan 73 271 597 755 
zan_20180725___iPhoneX___0017_706.jpg 1 zan 597 526 852 886 
zan_20180725___iPhoneX___0013_336.jpg 1 zan 40 621 364 1121 
zan_20180725___iPhoneX___0014_821.jpg 1 zan 364 576 776 1286 
zan_20180725___iPhoneX___0017_86.jpg 1 zan 473 924 754 1329 
zan_20180725___iPhoneX___0004_11.jpg 1 zan 302 536 497 898 
zan_20180725___iPhoneX___0008_436.jpg 1 zan 330 271 635 698 
zan_20180725___iPhoneX___0014_6.jpg 1 zan 478 190 659 583 
zan_20180725___iPhoneX___0010_236.jpg 1 zan 342 381 635 902 
zan_20180725___iPhoneX___0018_436.jpg 1 zan 242 729 607 1283 
zan_20180725___iPhoneX___0017_51.jpg 1 zan 423 943 697 1336 
zan_20180725___iPhoneX___0017_921.jpg 1 zan 130 329 480 890 
zan_20180725___iPhoneX___0018_1076.jpg 1 zan 571 1045 866 1507 
zan_20180725___iPhoneX___0008_426.jpg 1 zan 333 407 642 802 
zan_20180725___iPhoneX___0010_226.jpg 1 zan 378 474 664 993 
zan_20180725___iPhoneX___0018_426.jpg 1 zan 300 795 590 1305 
zan_20180725___iPhoneX___0017_41.jpg 1 zan 440 921 716 1302 
zan_20180725___iPhoneX___0017_931.jpg 1 zan 207 279 557 824 
zan_20180725___iPhoneX___0018_1066.jpg 1 zan 309 890 676 1429 
zan_20180725___iPhoneX___0017_716.jpg 1 zan 633 610 883 883 
zan_20180725___iPhoneX___0016_511.jpg 1 zan 42 729 340 1152 
zan_20180725___iPhoneX___0017_96.jpg 1 zan 459 936 719 1329 
zan_20180725___iPhoneX___0003_681.jpg 1 zan 19 240 273 717 
zan_20180725___iPhoneX___0004_366.jpg 1 zan 754 419 980 819 
zan_20180725___iPhoneX___0018_156.jpg 1 zan 728 1014 1050 1436 
zan_20180725___iPhoneX___0010_756.jpg 1 zan 354 605 700 1212 
zan_20180725___iPhoneX___0011_551.jpg 1 zan 321 709 621 1259 
zan_20180725___iPhoneX___0008_156.jpg 1 zan 421 198 683 676 
zan_20180725___iPhoneX___0014_366.jpg 1 zan 409 383 588 788 
zan_20180725___iPhoneX___0008_181.jpg 1 zan 471 0 792 567 
zan_20180725___iPhoneX___0011_586.jpg 1 zan 183 383 619 1069 
zan_20180725___iPhoneX___0017_266.jpg 1 zan 230 890 492 1290 
zan_20180725___iPhoneX___0018_181.jpg 1 zan 583 948 876 1369 
zan_20180725___iPhoneX___0003_656.jpg 1 zan 307 52 509 486 
zan_20180725___iPhoneX___0014_206.jpg 1 zan 445 419 619 800 
zan_20180725___iPhoneX___0011_431.jpg 1 zan 316 512 628 1036 
zan_20180725___iPhoneX___0010_6.jpg 1 zan 476 581 764 1079 
zan_20180725___iPhoneX___0010_636.jpg 1 zan 309 588 623 1145 
zan_20180725___iPhoneX___0004_206.jpg 1 zan 342 481 604 981 
zan_20180725___iPhoneX___0003_736.jpg 1 zan 666 248 888 671 
zan_20180725___iPhoneX___0017_306.jpg 1 zan 283 1050 547 1436 
zan_20180725___iPhoneX___0016_101.jpg 1 zan 242 894 459 1325 
zan_20180725___iPhoneX___0010_811.jpg 1 zan 228 767 645 1314 
zan_20180725___iPhoneX___0018_546.jpg 1 zan 452 912 719 1314 
zan_20180725___iPhoneX___0010_346.jpg 1 zan 490 926 947 1664 
zan_20180725___iPhoneX___0014_776.jpg 1 zan 52 681 516 1338 
zan_20180725___iPhoneX___0008_546.jpg 1 zan 602 76 890 667 
zan_20180725___iPhoneX___0018_1106.jpg 1 zan 509 1062 764 1479 
zan_20180725___iPhoneX___0017_851.jpg 1 zan 409 1029 673 1414 
zan_20180725___iPhoneX___0011_196.jpg 1 zan 497 729 873 1343 
zan_20180725___iPhoneX___0013_246.jpg 1 zan 319 467 592 998 
zan_20180725___iPhoneX___0016_471.jpg 1 zan 607 531 1023 1317 
zan_20180725___iPhoneX___0010_391.jpg 1 zan 188 643 650 1238 
zan_20180725___iPhoneX___0017_676.jpg 1 zan 554 598 828 879 
zan_20180725___iPhoneX___0003_246.jpg 1 zan 69 307 295 717 
zan_20180725___iPhoneX___0018_591.jpg 1 zan 654 995 947 1419 
zan_20180725___iPhoneX___0017_886.jpg 1 zan 197 738 526 1181 
zan_20180725___iPhoneX___0011_801.jpg 1 zan 373 560 859 1431 
zan_20180725___iPhoneX___0003_521.jpg 1 zan 742 476 1007 821 
zan_20180725___iPhoneX___0017_111.jpg 1 zan 478 914 766 1317 
zan_20180725___iPhoneX___0013_521.jpg 1 zan 223 733 578 1386 
zan_20180725___iPhoneX___0016_316.jpg 1 zan 130 586 457 1245 
zan_20180725___iPhoneX___0008_221.jpg 1 zan 42 405 469 852 
zan_20180725___iPhoneX___0011_626.jpg 1 zan 295 545 690 1207 
zan_20180725___iPhoneX___0018_221.jpg 1 zan 426 926 714 1331 
zan_20180725___iPhoneX___0018_976.jpg 1 zan 266 848 690 1340 
zan_20180725___iPhoneX___0017_1091.jpg 1 zan 397 1026 680 1443 
zan_20180725___iPhoneX___0016_896.jpg 1 zan 419 914 642 1379 
zan_20180725___iPhoneX___0011_381.jpg 1 zan 452 650 814 1136 
zan_20180725___iPhoneX___0016_666.jpg 1 zan 69 629 511 1190 
zan_20180725___iPhoneX___0008_786.jpg 1 zan 476 652 697 1067 
zan_20180725___iPhoneX___0010_186.jpg 1 zan 407 512 790 1086 
zan_20180725___iPhoneX___0017_461.jpg 1 zan 240 1078 443 1478 
zan_20180725___iPhoneX___0018_786.jpg 1 zan 92 786 438 1321 
zan_20180725___iPhoneX___0018_11.jpg 1 zan 488 986 878 1486 
zan_20180725___iPhoneX___0016_1046.jpg 1 zan 188 571 552 1081 
zan_20180725___iPhoneX___0016_841.jpg 1 zan 278 317 566 931 
zan_20180725___iPhoneX___0011_21.jpg 1 zan 335 479 809 1174 
zan_20180725___iPhoneX___0017_1046.jpg 1 zan 416 1048 642 1455 
zan_20180725___iPhoneX___0018_751.jpg 1 zan 411 971 709 1348 
zan_20180725___iPhoneX___0008_751.jpg 1 zan 664 555 902 1036 
zan_20180725___iPhoneX___0011_356.jpg 1 zan 342 550 680 1090 
zan_20180725___iPhoneX___0008_816.jpg 1 zan 254 660 521 1045 
zan_20180725___iPhoneX___0018_816.jpg 1 zan 161 750 552 1290 
zan_20180725___iPhoneX___0003_131.jpg 1 zan 609 148 883 574 
zan_20180725___iPhoneX___0017_501.jpg 1 zan 374 1041 657 1440 
zan_20180725___iPhoneX___0016_706.jpg 1 zan 178 576 492 969 
zan_20180725___iPhoneX___0013_131.jpg 1 zan 557 329 950 817 
zan_20180725___iPhoneX___0017_1126.jpg 1 zan 428 1044 702 1425 
zan_20180725___iPhoneX___0016_921.jpg 1 zan 228 631 476 1071 
zan_20180725___iPhoneX___0011_236.jpg 1 zan 409 755 816 1393 
zan_20180725___iPhoneX___0008_631.jpg 1 zan 309 607 559 1088 
zan_20180725___iPhoneX___0014_401.jpg 1 zan 438 369 633 786 
zan_20180725___iPhoneX___0014_11.jpg 1 zan 457 190 678 574 
zan_20180725___iPhoneX___0016_1.jpg 1 zan 469 795 945 1638 
zan_20180725___iPhoneX___0018_631.jpg 1 zan 242 905 483 1340 
zan_20180725___iPhoneX___0011_961.jpg 1 zan 16 76 471 886 
zan_20180725___iPhoneX___0008_396.jpg 1 zan 319 650 552 1000 
zan_20180725___iPhoneX___0016_276.jpg 1 zan 359 800 559 1215 
zan_20180725___iPhoneX___0013_441.jpg 1 zan 334 634 665 1194 
zan_20180725___iPhoneX___0011_791.jpg 1 zan 433 700 1030 1493 
zan_20180725___iPhoneX___0010_596.jpg 1 zan 421 555 771 1157 
zan_20180725___iPhoneX___0018_396.jpg 1 zan 488 967 754 1364 
zan_20180725___iPhoneX___0003_441.jpg 1 zan 454 114 657 524 
zan_20180725___iPhoneX___0003_21.jpg 1 zan 242 131 459 498 
zan_20180725___iPhoneX___0003_496.jpg 1 zan 438 367 609 688 
zan_20180725___iPhoneX___0018_341.jpg 1 zan 626 983 938 1410 
zan_20180725___iPhoneX___0010_61.jpg 1 zan 409 669 833 1195 
zan_20180725___iPhoneX___0013_496.jpg 1 zan 119 693 571 1250 
zan_20180725___iPhoneX___0011_746.jpg 1 zan 316 557 761 1355 
zan_20180725___iPhoneX___0008_341.jpg 1 zan 378 643 602 1062 
zan_20180725___iPhoneX___0014_171.jpg 1 zan 138 445 378 883 
zan_20180725___iPhoneX___0008_431.jpg 1 zan 334 337 614 742 
zan_20180725___iPhoneX___0004_16.jpg 1 zan 288 612 483 971 
zan_20180725___iPhoneX___0014_1.jpg 1 zan 471 200 645 576 
zan_20180725___iPhoneX___0010_231.jpg 1 zan 347 405 633 929 
zan_20180725___iPhoneX___0018_431.jpg 1 zan 273 757 602 1288 
zan_20180725___iPhoneX___0017_56.jpg 1 zan 402 950 690 1343 
zan_20180725___iPhoneX___0017_926.jpg 1 zan 195 288 519 831 
zan_20180725___iPhoneX___0018_1071.jpg 1 zan 452 960 773 1469 
zan_20180725___iPhoneX___0017_701.jpg 1 zan 554 479 826 890 
zan_20180725___iPhoneX___0013_331.jpg 1 zan 0 612 330 1121 
zan_20180725___iPhoneX___0017_81.jpg 1 zan 461 921 740 1314 
zan_20180725___iPhoneX___0003_696.jpg 1 zan 171 198 402 676 
zan_20180725___iPhoneX___0004_371.jpg 1 zan 807 481 1061 888 
zan_20180725___iPhoneX___0018_141.jpg 1 zan 778 1000 1076 1421 
zan_20180725___iPhoneX___0010_741.jpg 1 zan 219 386 604 1045 
zan_20180725___iPhoneX___0011_546.jpg 1 zan 316 729 635 1267 
zan_20180725___iPhoneX___0008_141.jpg 1 zan 492 330 708 772 
zan_20180725___iPhoneX___0014_371.jpg 1 zan 392 369 578 779 
zan_20180725___iPhoneX___0011_591.jpg 1 zan 338 412 700 1100 
zan_20180725___iPhoneX___0017_271.jpg 1 zan 207 900 464 1314 
zan_20180725___iPhoneX___0018_196.jpg 1 zan 533 964 869 1367 
zan_20180725___iPhoneX___0003_641.jpg 1 zan 338 21 542 476 
zan_20180725___iPhoneX___0014_211.jpg 1 zan 466 393 642 783 
zan_20180725___iPhoneX___0011_426.jpg 1 zan 247 507 561 1026 
zan_20180725___iPhoneX___0016_16.jpg 1 zan 446 622 1034 1659 
zan_20180725___iPhoneX___0010_621.jpg 1 zan 80 538 559 1124 
zan_20180725___iPhoneX___0004_211.jpg 1 zan 328 460 588 967 
zan_20180725___iPhoneX___0003_721.jpg 1 zan 592 105 785 521 
zan_20180725___iPhoneX___0017_311.jpg 1 zan 264 1076 502 1460 
zan_20180725___iPhoneX___0016_116.jpg 1 zan 407 894 607 1286 
zan_20180725___iPhoneX___0010_806.jpg 1 zan 280 795 666 1336 
zan_20180725___iPhoneX___0018_551.jpg 1 zan 485 931 778 1340 
zan_20180725___iPhoneX___0010_351.jpg 1 zan 611 960 1080 1681 
zan_20180725___iPhoneX___0014_761.jpg 1 zan 0 879 459 1488 
zan_20180725___iPhoneX___0008_551.jpg 1 zan 604 131 900 702 
zan_20180725___iPhoneX___0011_1021.jpg 1 zan 342 269 776 969 
zan_20180725___iPhoneX___0011_156.jpg 1 zan 421 698 797 1340 
zan_20180725___iPhoneX___0018_1111.jpg 1 zan 438 1012 711 1419 
zan_20180725___iPhoneX___0017_846.jpg 1 zan 411 1114 747 1457 
zan_20180725___iPhoneX___0008_16.jpg 1 zan 700 14 957 586 
zan_20180725___iPhoneX___0013_251.jpg 1 zan 347 390 630 957 
zan_20180725___iPhoneX___0011_181.jpg 1 zan 385 626 842 1217 
zan_20180725___iPhoneX___0016_466.jpg 1 zan 593 509 1049 1203 
zan_20180725___iPhoneX___0010_386.jpg 1 zan 252 729 657 1350 
zan_20180725___iPhoneX___0017_661.jpg 1 zan 376 445 657 867 
zan_20180725___iPhoneX___0003_251.jpg 1 zan 66 321 309 729 
zan_20180725___iPhoneX___0018_586.jpg 1 zan 695 976 990 1398 
zan_20180725___iPhoneX___0017_891.jpg 1 zan 221 660 500 1119 
zan_20180725___iPhoneX___0011_816.jpg 1 zan 80 502 702 1326 
zan_20180725___iPhoneX___0003_536.jpg 1 zan 678 288 914 669 
zan_20180725___iPhoneX___0017_106.jpg 1 zan 464 936 709 1324 
zan_20180725___iPhoneX___0013_536.jpg 1 zan 238 698 588 1336 
zan_20180725___iPhoneX___0016_301.jpg 1 zan 24 781 315 1272 
zan_20180725___iPhoneX___0008_236.jpg 1 zan 107 643 521 1071 
zan_20180725___iPhoneX___0011_631.jpg 1 zan 388 571 778 1226 
zan_20180725___iPhoneX___0010_436.jpg 1 zan 450 526 800 1124 
zan_20180725___iPhoneX___0018_236.jpg 1 zan 478 950 809 1367 
zan_20180725___iPhoneX___0018_961.jpg 1 zan 193 669 545 1266 
zan_20180725___iPhoneX___0017_1086.jpg 1 zan 402 1064 688 1412 
zan_20180725___iPhoneX___0016_881.jpg 1 zan 390 806 640 1350 
zan_20180725___iPhoneX___0011_396.jpg 1 zan 361 579 679 1092 
zan_20180725___iPhoneX___0016_671.jpg 1 zan 75 631 505 1154 
zan_20180725___iPhoneX___0008_791.jpg 1 zan 423 643 652 1069 
zan_20180725___iPhoneX___0010_191.jpg 1 zan 388 474 769 1040 
zan_20180725___iPhoneX___0017_476.jpg 1 zan 276 1060 478 1450 
zan_20180725___iPhoneX___0018_791.jpg 1 zan 61 738 428 1276 
zan_20180725___iPhoneX___0016_1051.jpg 1 zan 235 607 588 1088 
zan_20180725___iPhoneX___0017_1051.jpg 1 zan 428 1057 683 1486 
zan_20180725___iPhoneX___0011_36.jpg 1 zan 519 198 969 1086 
zan_20180725___iPhoneX___0018_746.jpg 1 zan 483 967 776 1374 
zan_20180725___iPhoneX___0008_746.jpg 1 zan 652 540 911 1031 
zan_20180725___iPhoneX___0011_341.jpg 1 zan 396 669 693 1222 
zan_20180725___iPhoneX___0008_801.jpg 1 zan 328 643 580 1052 
zan_20180725___iPhoneX___0018_801.jpg 1 zan 47 698 433 1271 
zan_20180725___iPhoneX___0003_126.jpg 1 zan 578 143 859 574 
zan_20180725___iPhoneX___0017_516.jpg 1 zan 345 1036 588 1469 
zan_20180725___iPhoneX___0016_711.jpg 1 zan 211 574 521 955 
zan_20180725___iPhoneX___0013_126.jpg 1 zan 559 349 976 833 
zan_20180725___iPhoneX___0017_1131.jpg 1 zan 418 1053 709 1425 
zan_20180725___iPhoneX___0016_936.jpg 1 zan 188 493 473 1019 
zan_20180725___iPhoneX___0008_626.jpg 1 zan 345 586 585 1083 
zan_20180725___iPhoneX___0014_416.jpg 1 zan 497 464 850 769 
zan_20180725___iPhoneX___0004_416.jpg 1 zan 619 393 826 776 
zan_20180725___iPhoneX___0018_626.jpg 1 zan 247 952 552 1360 
zan_20180725___iPhoneX___0011_976.jpg 1 zan 76 252 597 905 
zan_20180725___iPhoneX___0008_381.jpg 1 zan 314 629 554 998 
zan_20180725___iPhoneX___0016_261.jpg 1 zan 521 928 749 1356 
zan_20180725___iPhoneX___0011_786.jpg 1 zan 466 762 1000 1545 
zan_20180725___iPhoneX___0010_581.jpg 1 zan 485 633 847 1183 
zan_20180725___iPhoneX___0018_381.jpg 1 zan 642 1002 947 1395 
zan_20180725___iPhoneX___0003_456.jpg 1 zan 419 205 607 576 
zan_20180725___iPhoneX___0003_36.jpg 1 zan 257 143 473 498 
zan_20180725___iPhoneX___0010_76.jpg 1 zan 473 657 802 1205 
zan_20180725___iPhoneX___0018_356.jpg 1 zan 666 1002 1000 1424 
zan_20180725___iPhoneX___0010_556.jpg 1 zan 145 617 535 1136 
zan_20180725___iPhoneX___0011_751.jpg 1 zan 219 526 685 1340 
zan_20180725___iPhoneX___0013_481.jpg 1 zan 276 545 564 1174 
zan_20180725___iPhoneX___0008_356.jpg 1 zan 345 602 597 998 
zan_20180725___iPhoneX___0014_166.jpg 1 zan 192 431 428 879 
zan_20180725___iPhoneX___0003_51.jpg 1 zan 292 126 509 512 
zan_20180725___iPhoneX___0008_331.jpg 1 zan 497 667 688 1079 
zan_20180725___iPhoneX___0014_101.jpg 1 zan 414 255 607 676 
zan_20180725___iPhoneX___0011_736.jpg 1 zan 471 548 988 1317 
zan_20180725___iPhoneX___0010_11.jpg 1 zan 497 574 876 1086 
zan_20180725___iPhoneX___0018_331.jpg 1 zan 528 962 823 1395 
zan_20180725___iPhoneX___0010_531.jpg 1 zan 661 807 1080 1352 
zan_20180725___iPhoneX___0013_1.jpg 1 zan 390 179 688 755 
zan_20180725___iPhoneX___0011_911.jpg 1 zan 250 640 545 1131 
zan_20180725___iPhoneX___0003_86.jpg 1 zan 157 243 409 667 
zan_20180725___iPhoneX___0003_431.jpg 1 zan 547 176 776 619 
zan_20180725___iPhoneX___0013_431.jpg 1 zan 2 724 561 1205 
zan_20180725___iPhoneX___0016_206.jpg 1 zan 121 279 604 1336 
zan_20180725___iPhoneX___0016_951.jpg 1 zan 283 567 600 1174 
zan_20180725___iPhoneX___0017_1156.jpg 1 zan 350 1071 669 1460 
zan_20180725___iPhoneX___0004_471.jpg 1 zan 554 510 769 893 
zan_20180725___iPhoneX___0018_641.jpg 1 zan 171 817 500 1274 
zan_20180725___iPhoneX___0003_196.jpg 1 zan 447 388 723 831 
zan_20180725___iPhoneX___0008_641.jpg 1 zan 280 655 533 1107 
zan_20180725___iPhoneX___0014_471.jpg 1 zan 347 455 588 855 
zan_20180725___iPhoneX___0013_196.jpg 1 zan 390 314 635 814 
zan_20180725___iPhoneX___0011_246.jpg 1 zan 214 664 638 1333 
zan_20180725___iPhoneX___0017_1181.jpg 1 zan 397 1040 688 1431 
zan_20180725___iPhoneX___0018_866.jpg 1 zan 559 995 866 1414 
zan_20180725___iPhoneX___0008_866.jpg 1 zan 321 345 602 817 
zan_20180725___iPhoneX___0016_986.jpg 1 zan 578 607 1030 1245 
zan_20180725___iPhoneX___0013_141.jpg 1 zan 278 390 569 936 
zan_20180725___iPhoneX___0011_291.jpg 1 zan 135 483 473 1098 
zan_20180725___iPhoneX___0008_696.jpg 1 zan 478 479 773 1021 
zan_20180725___iPhoneX___0003_141.jpg 1 zan 664 169 954 583 
zan_20180725___iPhoneX___0018_696.jpg 1 zan 366 860 673 1302 
zan_20180725___iPhoneX___0017_571.jpg 1 zan 240 593 552 1062 
zan_20180725___iPhoneX___0017_1036.jpg 1 zan 364 1119 714 1414 
zan_20180725___iPhoneX___0011_51.jpg 1 zan 435 433 809 1112 
zan_20180725___iPhoneX___0016_1036.jpg 1 zan 140 467 485 1045 
zan_20180725___iPhoneX___0018_61.jpg 1 zan 457 900 811 1424 
zan_20180725___iPhoneX___0016_831.jpg 1 zan 76 495 397 1121 
zan_20180725___iPhoneX___0011_326.jpg 1 zan 445 683 857 1295 
zan_20180725___iPhoneX___0008_721.jpg 1 zan 669 471 971 1067 
zan_20180725___iPhoneX___0018_721.jpg 1 zan 569 1033 878 1448 
zan_20180725___iPhoneX___0010_121.jpg 1 zan 442 588 792 1150 
zan_20180725___iPhoneX___0008_906.jpg 1 zan 661 67 964 674 
zan_20180725___iPhoneX___0018_906.jpg 1 zan 354 919 626 1371 
zan_20180725___iPhoneX___0011_86.jpg 1 zan 495 714 1002 1360 
zan_20180725___iPhoneX___0017_411.jpg 1 zan 192 1107 400 1495 
zan_20180725___iPhoneX___0016_616.jpg 1 zan 569 757 902 1390 
zan_20180725___iPhoneX___0010_451.jpg 1 zan 319 326 685 976 
zan_20180725___iPhoneX___0003_586.jpg 1 zan 709 369 925 677 
zan_20180725___iPhoneX___0018_251.jpg 1 zan 485 983 792 1407 
zan_20180725___iPhoneX___0011_656.jpg 1 zan 540 631 996 1312 
zan_20180725___iPhoneX___0013_586.jpg 1 zan 223 508 550 1140 
zan_20180725___iPhoneX___0008_251.jpg 1 zan 169 726 564 1138 
zan_20180725___iPhoneX___0011_871.jpg 1 zan 335 121 819 1062 
zan_20180725___iPhoneX___0016_366.jpg 1 zan 295 619 645 1319 
zan_20180725___iPhoneX___0008_286.jpg 1 zan 454 440 833 979 
zan_20180725___iPhoneX___0011_681.jpg 1 zan 83 500 557 1240 
zan_20180725___iPhoneX___0013_551.jpg 1 zan 340 562 643 1144 
zan_20180725___iPhoneX___0018_286.jpg 1 zan 450 967 723 1390 
zan_20180725___iPhoneX___0003_551.jpg 1 zan 790 290 1014 621 
zan_20180725___iPhoneX___0017_161.jpg 1 zan 407 881 683 1300 
zan_20180725___iPhoneX___0010_486.jpg 1 zan 480 693 785 1219 
zan_20180725___iPhoneX___0017_606.jpg 1 zan 242 550 545 967 
zan_20180725___iPhoneX___0003_236.jpg 1 zan 97 245 295 638 
zan_20180725___iPhoneX___0016_401.jpg 1 zan 423 557 828 1252 
zan_20180725___iPhoneX___0013_236.jpg 1 zan 209 471 509 1050 
zan_20180725___iPhoneX___0011_131.jpg 1 zan 469 681 852 1307 
zan_20180725___iPhoneX___0014_706.jpg 1 zan 519 229 745 710 
zan_20180725___iPhoneX___0008_536.jpg 1 zan 573 43 876 624 
zan_20180725___iPhoneX___0018_536.jpg 1 zan 364 924 657 1290 
zan_20180725___iPhoneX___0010_336.jpg 1 zan 243 769 687 1441 
zan_20180725___iPhoneX___0017_821.jpg 1 zan 312 997 606 1403 
zan_20180725___iPhoneX___0008_71.jpg 1 zan 294 460 565 842 
zan_20180725___iPhoneX___0016_171.jpg 1 zan 369 245 666 912 
zan_20180725___iPhoneX___0011_496.jpg 1 zan 528 398 911 1019 
zan_20180725___iPhoneX___0003_746.jpg 1 zan 700 362 933 786 
zan_20180725___iPhoneX___0017_376.jpg 1 zan 211 983 414 1321 
zan_20180725___iPhoneX___0010_861.jpg 1 zan 335 636 695 1236 
zan_20180725___iPhoneX___0003_791.jpg 1 zan 576 333 809 686 
zan_20180725___iPhoneX___0011_441.jpg 1 zan 423 524 726 1057 
zan_20180725___iPhoneX___0014_276.jpg 1 zan 180 114 440 574 
zan_20180725___iPhoneX___0017_216.jpg 1 zan 440 707 728 1102 
zan_20180725___iPhoneX___0003_626.jpg 1 zan 340 310 569 762 
zan_20180725___iPhoneX___0010_901.jpg 1 zan 352 293 690 957 
zan_20180725___iPhoneX___0008_126.jpg 1 zan 514 360 730 800 
zan_20180725___iPhoneX___0014_316.jpg 1 zan 452 498 630 865 
zan_20180725___iPhoneX___0011_521.jpg 1 zan 314 464 647 1102 
zan_20180725___iPhoneX___0004_316.jpg 1 zan 404 629 635 1067 
zan_20180725___iPhoneX___0018_126.jpg 1 zan 592 945 883 1364 
zan_20180725___iPhoneX___0010_726.jpg 1 zan 154 583 521 1250 
zan_20180725___iPhoneX___0013_41.jpg 1 zan 171 279 623 812 
zan_20180725___iPhoneX___0003_801.jpg 1 zan 576 321 783 674 
zan_20180725___iPhoneX___0013_356.jpg 1 zan 369 614 628 1107 
zan_20180725___iPhoneX___0008_481.jpg 1 zan 433 60 864 548 
zan_20180725___iPhoneX___0016_561.jpg 1 zan 673 821 969 1226 
zan_20180725___iPhoneX___0018_481.jpg 1 zan 264 645 590 1221 
zan_20180725___iPhoneX___0010_281.jpg 1 zan 426 636 726 1129 
zan_20180725___iPhoneX___0017_766.jpg 1 zan 350 1093 583 1517 
zan_20180725___iPhoneX___0017_996.jpg 1 zan 300 1057 559 1467 
zan_20180725___iPhoneX___0010_256.jpg 1 zan 426 464 704 969 
zan_20180725___iPhoneX___0004_666.jpg 1 zan 483 252 752 805 
zan_20180725___iPhoneX___0018_456.jpg 1 zan 130 557 507 1217 
zan_20180725___iPhoneX___0008_456.jpg 1 zan 416 143 733 681 
zan_20180725___iPhoneX___0018_1016.jpg 1 zan 600 1005 923 1455 
zan_20180725___iPhoneX___0017_31.jpg 1 zan 423 919 723 1310 
zan_20180725___iPhoneX___0017_941.jpg 1 zan 204 286 611 840 
zan_20180725___iPhoneX___0003_46.jpg 1 zan 278 139 490 507 
zan_20180725___iPhoneX___0008_326.jpg 1 zan 516 695 711 1102 
zan_20180725___iPhoneX___0014_116.jpg 1 zan 452 321 650 726 
zan_20180725___iPhoneX___0011_721.jpg 1 zan 252 426 654 1186 
zan_20180725___iPhoneX___0004_116.jpg 1 zan 707 140 1016 650 
zan_20180725___iPhoneX___0018_326.jpg 1 zan 519 962 821 1379 
zan_20180725___iPhoneX___0003_91.jpg 1 zan 59 205 361 631 
zan_20180725___iPhoneX___0011_906.jpg 1 zan 224 669 515 1162 
zan_20180725___iPhoneX___0003_426.jpg 1 zan 557 215 805 689 
zan_20180725___iPhoneX___0016_211.jpg 1 zan 187 350 634 1328 
zan_20180725___iPhoneX___0016_946.jpg 1 zan 233 548 535 1112 
zan_20180725___iPhoneX___0017_1141.jpg 1 zan 396 1009 646 1419 
zan_20180725___iPhoneX___0014_76.jpg 1 zan 335 264 616 645 
zan_20180725___iPhoneX___0004_466.jpg 1 zan 385 538 585 938 
zan_20180725___iPhoneX___0018_656.jpg 1 zan 29 676 454 1255 
zan_20180725___iPhoneX___0003_181.jpg 1 zan 623 240 897 667 
zan_20180725___iPhoneX___0008_656.jpg 1 zan 269 667 526 1067 
zan_20180725___iPhoneX___0014_466.jpg 1 zan 380 424 597 819 
zan_20180725___iPhoneX___0011_251.jpg 1 zan 102 650 585 1305 
zan_20180725___iPhoneX___0013_181.jpg 1 zan 330 357 609 895 
zan_20180725___iPhoneX___0017_1196.jpg 1 zan 388 1079 688 1521 
zan_20180725___iPhoneX___0018_871.jpg 1 zan 578 1021 888 1448 
zan_20180725___iPhoneX___0008_871.jpg 1 zan 347 283 650 781 
zan_20180725___iPhoneX___0016_991.jpg 1 zan 576 607 1011 1262 
zan_20180725___iPhoneX___0011_286.jpg 1 zan 118 431 490 1159 
zan_20180725___iPhoneX___0013_156.jpg 1 zan 121 638 509 1286 
zan_20180725___iPhoneX___0008_681.jpg 1 zan 376 560 654 1031 
zan_20180725___iPhoneX___0016_761.jpg 1 zan 752 564 1000 1005 
zan_20180725___iPhoneX___0018_681.jpg 1 zan 190 721 511 1226 
zan_20180725___iPhoneX___0017_566.jpg 1 zan 280 643 592 1088 
zan_20180725___iPhoneX___0011_46.jpg 1 zan 457 371 850 1095 
zan_20180725___iPhoneX___0017_1021.jpg 1 zan 342 1045 619 1429 
zan_20180725___iPhoneX___0018_76.jpg 1 zan 514 960 885 1405 
zan_20180725___iPhoneX___0016_826.jpg 1 zan 50 526 392 1188 
zan_20180725___iPhoneX___0011_331.jpg 1 zan 440 714 838 1293 
zan_20180725___iPhoneX___0008_736.jpg 1 zan 661 462 945 1000 
zan_20180725___iPhoneX___0018_736.jpg 1 zan 590 964 916 1388 
zan_20180725___iPhoneX___0008_911.jpg 1 zan 688 67 988 679 
zan_20180725___iPhoneX___0018_911.jpg 1 zan 295 871 595 1343 
zan_20180725___iPhoneX___0011_91.jpg 1 zan 445 712 904 1352 
zan_20180725___iPhoneX___0017_406.jpg 1 zan 321 1086 578 1493 
zan_20180725___iPhoneX___0016_601.jpg 1 zan 642 838 1047 1400 
zan_20180725___iPhoneX___0010_446.jpg 1 zan 304 369 680 1000 
zan_20180725___iPhoneX___0003_591.jpg 1 zan 621 312 838 645 
zan_20180725___iPhoneX___0018_246.jpg 1 zan 498 971 796 1391 
zan_20180725___iPhoneX___0013_591.jpg 1 zan 228 517 542 1145 
zan_20180725___iPhoneX___0011_641.jpg 1 zan 352 528 843 1225 
zan_20180725___iPhoneX___0008_246.jpg 1 zan 161 714 559 1131 
zan_20180725___iPhoneX___0011_866.jpg 1 zan 278 90 773 1060 
zan_20180725___iPhoneX___0016_371.jpg 1 zan 259 643 576 1345 
zan_20180725___iPhoneX___0008_291.jpg 1 zan 497 443 866 981 
zan_20180725___iPhoneX___0013_546.jpg 1 zan 297 586 621 1212 
zan_20180725___iPhoneX___0011_696.jpg 1 zan 278 471 709 1269 
zan_20180725___iPhoneX___0008_1.jpg 1 zan 714 57 961 612 
zan_20180725___iPhoneX___0018_291.jpg 1 zan 471 981 738 1398 
zan_20180725___iPhoneX___0003_546.jpg 1 zan 716 279 930 607 
zan_20180725___iPhoneX___0017_176.jpg 1 zan 426 931 728 1355 
zan_20180725___iPhoneX___0010_491.jpg 1 zan 415 544 731 1156 
zan_20180725___iPhoneX___0017_611.jpg 1 zan 243 512 526 919 
zan_20180725___iPhoneX___0003_221.jpg 1 zan 314 205 526 612 
zan_20180725___iPhoneX___0016_416.jpg 1 zan 440 621 861 1305 
zan_20180725___iPhoneX___0013_221.jpg 1 zan 192 576 538 1193 
zan_20180725___iPhoneX___0011_126.jpg 1 zan 407 636 783 1283 
zan_20180725___iPhoneX___0014_711.jpg 1 zan 538 248 778 760 
zan_20180725___iPhoneX___0008_521.jpg 1 zan 359 145 719 638 
zan_20180725___iPhoneX___0018_521.jpg 1 zan 319 845 602 1260 
zan_20180725___iPhoneX___0010_321.jpg 1 zan 407 733 676 1131 
zan_20180725___iPhoneX___0017_836.jpg 1 zan 361 988 635 1390 
zan_20180725___iPhoneX___0008_66.jpg 1 zan 264 495 528 857 
zan_20180725___iPhoneX___0016_166.jpg 1 zan 402 255 678 881 
zan_20180725___iPhoneX___0011_481.jpg 1 zan 290 324 723 993 
zan_20180725___iPhoneX___0003_751.jpg 1 zan 692 371 935 800 
zan_20180725___iPhoneX___0017_361.jpg 1 zan 357 595 673 962 
zan_20180725___iPhoneX___0010_686.jpg 1 zan 207 631 571 1293 
zan_20180725___iPhoneX___0010_876.jpg 1 zan 166 569 597 1181 
zan_20180725___iPhoneX___0003_786.jpg 1 zan 604 350 821 702 
zan_20180725___iPhoneX___0011_456.jpg 1 zan 445 455 890 1098 
zan_20180725___iPhoneX___0014_261.jpg 1 zan 188 43 433 510 
zan_20180725___iPhoneX___0017_201.jpg 1 zan 190 617 473 1060 
zan_20180725___iPhoneX___0003_631.jpg 1 zan 350 200 571 652 
zan_20180725___iPhoneX___0013_81.jpg 1 zan 419 219 700 810 
zan_20180725___iPhoneX___0010_916.jpg 1 zan 288 379 630 1010 
zan_20180725___iPhoneX___0008_131.jpg 1 zan 521 352 740 788 
zan_20180725___iPhoneX___0014_301.jpg 1 zan 259 512 476 876 
zan_20180725___iPhoneX___0011_536.jpg 1 zan 326 745 692 1274 
zan_20180725___iPhoneX___0004_301.jpg 1 zan 559 414 778 824 
zan_20180725___iPhoneX___0018_131.jpg 1 zan 628 952 926 1379 
zan_20180725___iPhoneX___0011_1.jpg 1 zan 252 326 764 1024 
zan_20180725___iPhoneX___0010_731.jpg 1 zan 164 471 540 1131 
zan_20180725___iPhoneX___0013_56.jpg 1 zan 423 276 954 690 
zan_20180725___iPhoneX___0003_816.jpg 1 zan 516 279 728 624 
zan_20180725___iPhoneX___0013_341.jpg 1 zan 121 617 423 1119 
zan_20180725___iPhoneX___0008_496.jpg 1 zan 204 162 611 543 
zan_20180725___iPhoneX___0016_576.jpg 1 zan 654 793 1014 1262 
zan_20180725___iPhoneX___0018_496.jpg 1 zan 311 757 576 1236 
zan_20180725___iPhoneX___0010_296.jpg 1 zan 507 643 776 1071 
zan_20180725___iPhoneX___0017_771.jpg 1 zan 388 1069 604 1498 
zan_20180725___iPhoneX___0017_981.jpg 1 zan 316 938 583 1345 
zan_20180725___iPhoneX___0014_856.jpg 1 zan 116 510 571 1238 
zan_20180725___iPhoneX___0010_241.jpg 1 zan 342 402 654 874 
zan_20180725___iPhoneX___0004_671.jpg 1 zan 452 331 730 893 
zan_20180725___iPhoneX___0018_441.jpg 1 zan 185 671 573 1262 
zan_20180725___iPhoneX___0008_441.jpg 1 zan 345 214 638 671 
zan_20180725___iPhoneX___0014_671.jpg 1 zan 447 538 633 890 
zan_20180725___iPhoneX___0014_881.jpg 1 zan 283 512 657 1176 
zan_20180725___iPhoneX___0018_1001.jpg 1 zan 683 1071 1042 1531 
zan_20180725___iPhoneX___0017_26.jpg 1 zan 464 895 742 1276 
zan_20180725___iPhoneX___0017_956.jpg 1 zan 300 469 650 990 
zan_20180725___iPhoneX___0010_251.jpg 1 zan 383 419 692 929 
zan_20180725___iPhoneX___0004_661.jpg 1 zan 528 181 783 717 
zan_20180725___iPhoneX___0018_451.jpg 1 zan 140 602 530 1233 
zan_20180725___iPhoneX___0008_451.jpg 1 zan 411 157 728 652 
zan_20180725___iPhoneX___0018_1011.jpg 1 zan 687 1056 1056 1503 
zan_20180725___iPhoneX___0017_36.jpg 1 zan 440 931 728 1309 
zan_20180725___iPhoneX___0017_946.jpg 1 zan 228 305 614 852 
zan_20180725___iPhoneX___0008_486.jpg 1 zan 366 55 783 481 
zan_20180725___iPhoneX___0016_566.jpg 1 zan 671 814 995 1240 
zan_20180725___iPhoneX___0013_351.jpg 1 zan 300 631 571 1124 
zan_20180725___iPhoneX___0018_486.jpg 1 zan 283 693 580 1224 
zan_20180725___iPhoneX___0017_761.jpg 1 zan 404 1057 623 1474 
zan_20180725___iPhoneX___0010_286.jpg 1 zan 466 624 750 1102 
zan_20180725___iPhoneX___0017_991.jpg 1 zan 309 1064 564 1476 
zan_20180725___iPhoneX___0011_526.jpg 1 zan 283 469 676 1071 
zan_20180725___iPhoneX___0008_121.jpg 1 zan 483 345 695 788 
zan_20180725___iPhoneX___0014_311.jpg 1 zan 347 493 550 862 
zan_20180725___iPhoneX___0004_311.jpg 1 zan 454 536 673 964 
zan_20180725___iPhoneX___0018_121.jpg 1 zan 580 943 866 1364 
zan_20180725___iPhoneX___0013_46.jpg 1 zan 330 129 619 762 
zan_20180725___iPhoneX___0003_806.jpg 1 zan 554 314 773 671 
zan_20180725___iPhoneX___0017_211.jpg 1 zan 416 686 702 1098 
zan_20180725___iPhoneX___0003_621.jpg 1 zan 361 340 588 786 
zan_20180725___iPhoneX___0010_906.jpg 1 zan 323 262 657 936 
zan_20180725___iPhoneX___0003_796.jpg 1 zan 569 324 800 681 
zan_20180725___iPhoneX___0014_271.jpg 1 zan 164 81 416 545 
zan_20180725___iPhoneX___0011_446.jpg 1 zan 459 498 828 1076 
zan_20180725___iPhoneX___0011_491.jpg 1 zan 459 369 804 1019 
zan_20180725___iPhoneX___0016_176.jpg 1 zan 359 250 678 979 
zan_20180725___iPhoneX___0003_741.jpg 1 zan 690 319 914 743 
zan_20180725___iPhoneX___0017_371.jpg 1 zan 211 952 421 1281 
zan_20180725___iPhoneX___0010_866.jpg 1 zan 235 583 604 1210 
zan_20180725___iPhoneX___0014_701.jpg 1 zan 527 279 728 715 
zan_20180725___iPhoneX___0008_531.jpg 1 zan 540 57 854 626 
zan_20180725___iPhoneX___0011_136.jpg 1 zan 521 698 938 1326 
zan_20180725___iPhoneX___0018_531.jpg 1 zan 373 900 659 1288 
zan_20180725___iPhoneX___0010_331.jpg 1 zan 261 729 659 1321 
zan_20180725___iPhoneX___0017_826.jpg 1 zan 240 1057 540 1474 
zan_20180725___iPhoneX___0008_76.jpg 1 zan 340 410 607 812 
zan_20180725___iPhoneX___0017_601.jpg 1 zan 295 567 580 990 
zan_20180725___iPhoneX___0003_231.jpg 1 zan 138 295 340 645 
zan_20180725___iPhoneX___0013_231.jpg 1 zan 164 495 495 1110 
zan_20180725___iPhoneX___0016_406.jpg 1 zan 411 533 871 1238 
zan_20180725___iPhoneX___0011_876.jpg 1 zan 333 171 814 1114 
zan_20180725___iPhoneX___0011_686.jpg 1 zan 316 564 709 1307 
zan_20180725___iPhoneX___0013_556.jpg 1 zan 407 586 666 1119 
zan_20180725___iPhoneX___0016_361.jpg 1 zan 309 605 778 1262 
zan_20180725___iPhoneX___0008_281.jpg 1 zan 388 481 792 1005 
zan_20180725___iPhoneX___0018_281.jpg 1 zan 480 962 723 1395 
zan_20180725___iPhoneX___0017_166.jpg 1 zan 402 910 702 1336 
zan_20180725___iPhoneX___0010_456.jpg 1 zan 359 317 714 979 
zan_20180725___iPhoneX___0018_256.jpg 1 zan 476 988 790 1417 
zan_20180725___iPhoneX___0003_581.jpg 1 zan 776 398 997 698 
zan_20180725___iPhoneX___0008_256.jpg 1 zan 185 755 590 1152 
zan_20180725___iPhoneX___0011_651.jpg 1 zan 559 621 961 1300 
zan_20180725___iPhoneX___0013_581.jpg 1 zan 271 514 583 1129 
zan_20180725___iPhoneX___0008_901.jpg 1 zan 626 74 921 674 
zan_20180725___iPhoneX___0018_901.jpg 1 zan 390 950 676 1367 
zan_20180725___iPhoneX___0011_81.jpg 1 zan 543 650 984 1278 
zan_20180725___iPhoneX___0017_416.jpg 1 zan 88 1133 302 1538 
zan_20180725___iPhoneX___0016_611.jpg 1 zan 621 779 947 1400 
zan_20180725___iPhoneX___0011_56.jpg 1 zan 390 445 795 1086 
zan_20180725___iPhoneX___0017_1031.jpg 1 zan 369 1152 733 1421 
zan_20180725___iPhoneX___0018_66.jpg 1 zan 478 902 807 1390 
zan_20180725___iPhoneX___0016_1031.jpg 1 zan 83 502 447 1102 
zan_20180725___iPhoneX___0016_836.jpg 1 zan 180 445 476 1045 
zan_20180725___iPhoneX___0008_726.jpg 1 zan 685 450 980 1045 
zan_20180725___iPhoneX___0011_321.jpg 1 zan 411 650 759 1243 
zan_20180725___iPhoneX___0018_726.jpg 1 zan 542 1029 902 1443 
zan_20180725___iPhoneX___0004_516.jpg 1 zan 792 567 1071 995 
zan_20180725___iPhoneX___0010_126.jpg 1 zan 647 695 983 1248 
zan_20180725___iPhoneX___0017_1186.jpg 1 zan 388 1033 683 1445 
zan_20180725___iPhoneX___0018_861.jpg 1 zan 519 967 830 1383 
zan_20180725___iPhoneX___0008_861.jpg 1 zan 292 405 564 862 
zan_20180725___iPhoneX___0016_981.jpg 1 zan 554 593 1028 1255 
zan_20180725___iPhoneX___0008_691.jpg 1 zan 457 486 754 1010 
zan_20180725___iPhoneX___0013_146.jpg 1 zan 204 452 516 1057 
zan_20180725___iPhoneX___0011_296.jpg 1 zan 164 505 507 1071 
zan_20180725___iPhoneX___0018_691.jpg 1 zan 321 798 611 1210 
zan_20180725___iPhoneX___0003_146.jpg 1 zan 790 207 1080 621 
zan_20180725___iPhoneX___0017_576.jpg 1 zan 252 600 554 1071 
zan_20180725___iPhoneX___0016_956.jpg 1 zan 393 594 696 1241 
zan_20180725___iPhoneX___0017_1151.jpg 1 zan 304 1095 666 1455 
zan_20180725___iPhoneX___0014_66.jpg 1 zan 504 276 783 648 
zan_20180725___iPhoneX___0003_191.jpg 1 zan 473 295 757 760 
zan_20180725___iPhoneX___0004_476.jpg 1 zan 669 495 895 871 
zan_20180725___iPhoneX___0018_646.jpg 1 zan 126 757 492 1267 
zan_20180725___iPhoneX___0013_191.jpg 1 zan 385 312 633 810 
zan_20180725___iPhoneX___0011_241.jpg 1 zan 330 702 723 1360 
zan_20180725___iPhoneX___0008_646.jpg 1 zan 261 667 526 1093 
zan_20180725___iPhoneX___0014_476.jpg 1 zan 311 483 566 895 
zan_20180725___iPhoneX___0003_81.jpg 1 zan 295 245 526 671 
zan_20180725___iPhoneX___0011_916.jpg 1 zan 266 595 578 1126 
zan_20180725___iPhoneX___0003_436.jpg 1 zan 495 121 721 555 
zan_20180725___iPhoneX___0016_201.jpg 1 zan 135 282 610 1332 
zan_20180725___iPhoneX___0013_436.jpg 1 zan 235 600 576 1210 
zan_20180725___iPhoneX___0003_56.jpg 1 zan 285 160 516 545 
zan_20180725___iPhoneX___0011_731.jpg 1 zan 461 521 904 1281 
zan_20180725___iPhoneX___0008_336.jpg 1 zan 438 660 633 1071 
zan_20180725___iPhoneX___0014_106.jpg 1 zan 445 283 645 702 
zan_20180725___iPhoneX___0004_106.jpg 1 zan 514 0 783 605 
zan_20180725___iPhoneX___0018_336.jpg 1 zan 611 964 885 1386 
zan_20180725___iPhoneX___0010_16.jpg 1 zan 492 607 814 1098 
zan_20180725___iPhoneX___0013_6.jpg 1 zan 404 183 695 760 
zan_20180725___iPhoneX___0010_246.jpg 1 zan 359 414 664 888 
zan_20180725___iPhoneX___0004_676.jpg 1 zan 411 314 690 895 
zan_20180725___iPhoneX___0018_446.jpg 1 zan 156 628 543 1234 
zan_20180725___iPhoneX___0008_446.jpg 1 zan 380 176 680 657 
zan_20180725___iPhoneX___0014_676.jpg 1 zan 536 550 711 898 
zan_20180725___iPhoneX___0004_61.jpg 1 zan 492 40 754 557 
zan_20180725___iPhoneX___0014_886.jpg 1 zan 343 597 871 1172 
zan_20180725___iPhoneX___0018_1006.jpg 1 zan 690 1068 1080 1527 
zan_20180725___iPhoneX___0017_951.jpg 1 zan 338 355 628 821 
zan_20180725___iPhoneX___0008_491.jpg 1 zan 286 79 713 505 
zan_20180725___iPhoneX___0016_571.jpg 1 zan 684 803 1006 1250 
zan_20180725___iPhoneX___0013_346.jpg 1 zan 238 631 519 1129 
zan_20180725___iPhoneX___0018_491.jpg 1 zan 309 726 585 1238 
zan_20180725___iPhoneX___0017_776.jpg 1 zan 435 1052 692 1464 
zan_20180725___iPhoneX___0010_291.jpg 1 zan 504 621 773 1081 
zan_20180725___iPhoneX___0017_986.jpg 1 zan 323 1029 566 1455 
zan_20180725___iPhoneX___0014_851.jpg 1 zan 188 507 600 1231 
zan_20180725___iPhoneX___0011_531.jpg 1 zan 345 602 702 1179 
zan_20180725___iPhoneX___0008_136.jpg 1 zan 507 336 718 774 
zan_20180725___iPhoneX___0014_306.jpg 1 zan 283 490 500 864 
zan_20180725___iPhoneX___0004_306.jpg 1 zan 502 469 723 879 
zan_20180725___iPhoneX___0018_136.jpg 1 zan 699 969 999 1391 
zan_20180725___iPhoneX___0011_6.jpg 1 zan 230 352 673 1045 
zan_20180725___iPhoneX___0010_736.jpg 1 zan 192 400 564 1057 
zan_20180725___iPhoneX___0013_51.jpg 1 zan 380 164 776 726 
zan_20180725___iPhoneX___0003_811.jpg 1 zan 544 296 755 647 
zan_20180725___iPhoneX___0017_206.jpg 1 zan 338 624 616 1062 
zan_20180725___iPhoneX___0003_636.jpg 1 zan 359 81 569 531 
zan_20180725___iPhoneX___0010_911.jpg 1 zan 290 245 633 929 
zan_20180725___iPhoneX___0013_86.jpg 1 zan 173 362 628 855 
zan_20180725___iPhoneX___0010_656.jpg 1 zan 259 493 595 1112 
zan_20180725___iPhoneX___0003_781.jpg 1 zan 597 317 821 683 
zan_20180725___iPhoneX___0014_266.jpg 1 zan 150 52 407 521 
zan_20180725___iPhoneX___0011_451.jpg 1 zan 490 467 919 1074 
zan_20180725___iPhoneX___0011_486.jpg 1 zan 345 362 716 1014 
zan_20180725___iPhoneX___0016_161.jpg 1 zan 452 276 726 860 
zan_20180725___iPhoneX___0003_756.jpg 1 zan 669 350 909 790 
zan_20180725___iPhoneX___0010_681.jpg 1 zan 202 460 557 1190 
zan_20180725___iPhoneX___0017_366.jpg 1 zan 257 800 507 1162 
zan_20180725___iPhoneX___0010_871.jpg 1 zan 166 567 607 1193 
zan_20180725___iPhoneX___0014_716.jpg 1 zan 535 264 797 819 
zan_20180725___iPhoneX___0008_526.jpg 1 zan 469 81 804 624 
zan_20180725___iPhoneX___0011_121.jpg 1 zan 288 595 688 1255 
zan_20180725___iPhoneX___0018_526.jpg 1 zan 330 871 642 1271 
zan_20180725___iPhoneX___0010_326.jpg 1 zan 337 709 659 1209 
zan_20180725___iPhoneX___0017_831.jpg 1 zan 259 1031 554 1452 
zan_20180725___iPhoneX___0008_61.jpg 1 zan 271 479 545 855 
zan_20180725___iPhoneX___0017_616.jpg 1 zan 192 440 452 860 
zan_20180725___iPhoneX___0003_226.jpg 1 zan 259 250 459 619 
zan_20180725___iPhoneX___0013_226.jpg 1 zan 145 552 490 1181 
zan_20180725___iPhoneX___0016_411.jpg 1 zan 416 598 895 1262 
zan_20180725___iPhoneX___0011_861.jpg 1 zan 231 103 756 1128 
zan_20180725___iPhoneX___0013_541.jpg 1 zan 276 643 600 1286 
zan_20180725___iPhoneX___0011_691.jpg 1 zan 378 555 852 1317 
zan_20180725___iPhoneX___0016_376.jpg 1 zan 195 676 564 1352 
zan_20180725___iPhoneX___0008_296.jpg 1 zan 526 474 866 1000 
zan_20180725___iPhoneX___0003_541.jpg 1 zan 671 255 888 610 
zan_20180725___iPhoneX___0018_296.jpg 1 zan 504 974 754 1429 
zan_20180725___iPhoneX___0008_6.jpg 1 zan 714 29 966 590 
zan_20180725___iPhoneX___0010_496.jpg 1 zan 388 457 711 1081 
zan_20180725___iPhoneX___0017_171.jpg 1 zan 433 938 726 1360 
zan_20180725___iPhoneX___0010_441.jpg 1 zan 407 412 740 1060 
zan_20180725___iPhoneX___0018_241.jpg 1 zan 469 964 804 1390 
zan_20180725___iPhoneX___0003_596.jpg 1 zan 533 262 754 643 
zan_20180725___iPhoneX___0008_241.jpg 1 zan 133 700 535 1117 
zan_20180725___iPhoneX___0011_646.jpg 1 zan 428 562 821 1274 
zan_20180725___iPhoneX___0018_916.jpg 1 zan 254 814 592 1345 
zan_20180725___iPhoneX___0011_96.jpg 1 zan 350 636 721 1298 
zan_20180725___iPhoneX___0017_401.jpg 1 zan 476 1105 776 1531 
zan_20180725___iPhoneX___0016_606.jpg 1 zan 642 817 1002 1414 
zan_20180725___iPhoneX___0017_1026.jpg 1 zan 361 1117 704 1417 
zan_20180725___iPhoneX___0011_41.jpg 1 zan 495 245 926 1062 
zan_20180725___iPhoneX___0018_71.jpg 1 zan 545 929 838 1381 
zan_20180725___iPhoneX___0016_1026.jpg 1 zan 26 555 426 1179 
zan_20180725___iPhoneX___0016_821.jpg 1 zan 121 540 459 1231 
zan_20180725___iPhoneX___0008_731.jpg 1 zan 680 424 980 1007 
zan_20180725___iPhoneX___0011_336.jpg 1 zan 440 700 766 1262 
zan_20180725___iPhoneX___0018_731.jpg 1 zan 609 993 923 1410 
zan_20180725___iPhoneX___0017_1191.jpg 1 zan 407 1052 695 1490 
zan_20180725___iPhoneX___0018_876.jpg 1 zan 635 1043 942 1476 
zan_20180725___iPhoneX___0008_876.jpg 1 zan 378 236 700 745 
zan_20180725___iPhoneX___0016_996.jpg 1 zan 471 621 921 1331 
zan_20180725___iPhoneX___0008_686.jpg 1 zan 419 517 707 1021 
zan_20180725___iPhoneX___0016_766.jpg 1 zan 807 590 1050 1043 
zan_20180725___iPhoneX___0011_281.jpg 1 zan 112 419 540 1219 
zan_20180725___iPhoneX___0013_151.jpg 1 zan 174 550 521 1181 
zan_20180725___iPhoneX___0018_686.jpg 1 zan 257 745 547 1255 
zan_20180725___iPhoneX___0017_561.jpg 1 zan 350 807 661 1240 
zan_20180725___iPhoneX___0016_941.jpg 1 zan 195 517 497 1062 
zan_20180725___iPhoneX___0017_1146.jpg 1 zan 330 1050 661 1457 
zan_20180725___iPhoneX___0014_71.jpg 1 zan 469 212 647 648 
zan_20180725___iPhoneX___0003_186.jpg 1 zan 540 214 807 671 
zan_20180725___iPhoneX___0004_461.jpg 1 zan 226 593 447 988 
zan_20180725___iPhoneX___0018_651.jpg 1 zan 59 724 473 1262 
zan_20180725___iPhoneX___0011_256.jpg 1 zan 52 612 549 1272 
zan_20180725___iPhoneX___0013_186.jpg 1 zan 357 338 607 848 
zan_20180725___iPhoneX___0008_651.jpg 1 zan 263 669 527 1074 
zan_20180725___iPhoneX___0014_461.jpg 1 zan 388 395 611 786 
zan_20180725___iPhoneX___0011_901.jpg 1 zan 228 666 549 1200 
zan_20180725___iPhoneX___0003_96.jpg 1 zan 71 195 378 614 
zan_20180725___iPhoneX___0003_421.jpg 1 zan 557 267 811 750 
zan_20180725___iPhoneX___0016_216.jpg 1 zan 252 426 664 1324 
zan_20180725___iPhoneX___0003_41.jpg 1 zan 266 145 488 507 
zan_20180725___iPhoneX___0011_726.jpg 1 zan 361 469 795 1217 
zan_20180725___iPhoneX___0008_321.jpg 1 zan 511 726 709 1136 
zan_20180725___iPhoneX___0014_111.jpg 1 zan 459 317 671 721 
zan_20180725___iPhoneX___0004_111.jpg 1 zan 607 114 888 652 
zan_20180725___iPhoneX___0018_321.jpg 1 zan 521 967 840 1400 
zan_20180725___iPhoneX___0017_961.jpg 1 zan 276 605 630 1095 
zan_20180725___iPhoneX___0018_1036.jpg 1 zan 326 805 640 1300 
zan_20180725___iPhoneX___0016_596.jpg 1 zan 650 845 1045 1388 
zan_20180725___iPhoneX___0008_476.jpg 1 zan 483 90 890 610 
zan_20180725___iPhoneX___0004_51.jpg 1 zan 488 226 714 657 
zan_20180725___iPhoneX___0010_276.jpg 1 zan 430 669 738 1171 
zan_20180725___iPhoneX___0017_791.jpg 1 zan 414 1071 719 1498 
zan_20180725___iPhoneX___0018_476.jpg 1 zan 218 572 565 1194 
zan_20180725___iPhoneX___0004_646.jpg 1 zan 666 186 964 700 
zan_20180725___iPhoneX___0014_861.jpg 1 zan 35 612 607 1274 
zan_20180725___iPhoneX___0004_691.jpg 1 zan 404 276 657 831 
zan_20180725___iPhoneX___0017_746.jpg 1 zan 542 929 795 1298 
zan_20180725___iPhoneX___0016_541.jpg 1 zan 573 862 766 1224 
zan_20180725___iPhoneX___0014_691.jpg 1 zan 545 469 723 833 
zan_20180725___iPhoneX___0013_376.jpg 1 zan 328 600 661 1086 
zan_20180725___iPhoneX___0018_106.jpg 1 zan 573 981 895 1414 
zan_20180725___iPhoneX___0004_336.jpg 1 zan 333 698 561 1136 
zan_20180725___iPhoneX___0011_501.jpg 1 zan 469 426 888 1029 
zan_20180725___iPhoneX___0014_336.jpg 1 zan 495 498 721 824 
zan_20180725___iPhoneX___0008_106.jpg 1 zan 509 314 735 779 
zan_20180725___iPhoneX___0010_921.jpg 1 zan 307 481 657 1083 
zan_20180725___iPhoneX___0017_236.jpg 1 zan 521 856 790 1238 
zan_20180725___iPhoneX___0003_606.jpg 1 zan 490 295 695 705 
zan_20180725___iPhoneX___0004_6.jpg 1 zan 333 474 530 838 
zan_20180725___iPhoneX___0010_896.jpg 1 zan 378 336 711 990 
zan_20180725___iPhoneX___0014_256.jpg 1 zan 297 24 521 479 
zan_20180725___iPhoneX___0016_186.jpg 1 zan 295 314 695 1193 
zan_20180725___iPhoneX___0011_461.jpg 1 zan 373 471 816 1138 
zan_20180725___iPhoneX___0017_381.jpg 1 zan 285 1000 533 1362 
zan_20180725___iPhoneX___0010_666.jpg 1 zan 176 367 554 1064 
zan_20180725___iPhoneX___0010_841.jpg 1 zan 390 690 742 1262 
zan_20180725___iPhoneX___0003_766.jpg 1 zan 607 276 864 712 
zan_20180725___iPhoneX___0016_86.jpg 1 zan 61 833 359 1386 
zan_20180725___iPhoneX___0017_356.jpg 1 zan 480 288 797 771 
zan_20180725___iPhoneX___0014_281.jpg 1 zan 204 214 428 660 
zan_20180725___iPhoneX___0016_151.jpg 1 zan 569 414 814 929 
zan_20180725___iPhoneX___0017_801.jpg 1 zan 380 1017 640 1410 
zan_20180725___iPhoneX___0017_1201.jpg 1 zan 376 1121 683 1521 
zan_20180725___iPhoneX___0008_51.jpg 1 zan 330 424 640 812 
zan_20180725___iPhoneX___0018_516.jpg 1 zan 302 829 559 1257 
zan_20180725___iPhoneX___0010_316.jpg 1 zan 440 721 700 1088 
zan_20180725___iPhoneX___0008_516.jpg 1 zan 259 224 645 650 
zan_20180725___iPhoneX___0014_726.jpg 1 zan 357 224 673 871 
zan_20180725___iPhoneX___0011_111.jpg 1 zan 147 545 635 1174 
zan_20180725___iPhoneX___0008_86.jpg 1 zan 404 348 671 786 
zan_20180725___iPhoneX___0013_216.jpg 1 zan 240 600 565 1191 
zan_20180725___iPhoneX___0016_421.jpg 1 zan 88 650 607 1319 
zan_20180725___iPhoneX___0017_626.jpg 1 zan 114 362 471 783 
zan_20180725___iPhoneX___0003_216.jpg 1 zan 390 205 602 650 
zan_20180725___iPhoneX___0017_141.jpg 1 zan 361 926 561 1352 
zan_20180725___iPhoneX___0013_571.jpg 1 zan 426 593 683 1131 
zan_20180725___iPhoneX___0016_346.jpg 1 zan 366 652 1002 1190 
zan_20180725___iPhoneX___0011_851.jpg 1 zan 245 538 797 1245 
zan_20180725___iPhoneX___0008_271.jpg 1 zan 278 657 716 1126 
zan_20180725___iPhoneX___0016_391.jpg 1 zan 92 726 609 1355 
zan_20180725___iPhoneX___0011_676.jpg 1 zan 57 526 638 1143 
zan_20180725___iPhoneX___0017_196.jpg 1 zan 135 629 450 1102 
zan_20180725___iPhoneX___0018_271.jpg 1 zan 445 986 740 1407 
zan_20180725___iPhoneX___0011_886.jpg 1 zan 328 764 773 1450 
zan_20180725___iPhoneX___0016_636.jpg 1 zan 383 674 780 1376 
zan_20180725___iPhoneX___0017_431.jpg 1 zan 171 1102 354 1498 
zan_20180725___iPhoneX___0018_926.jpg 1 zan 192 767 597 1398 
zan_20180725___iPhoneX___0018_96.jpg 1 zan 507 990 876 1407 
zan_20180725___iPhoneX___0004_531.jpg 1 zan 623 286 885 762 
zan_20180725___iPhoneX___0018_701.jpg 1 zan 430 886 697 1307 
zan_20180725___iPhoneX___0010_101.jpg 1 zan 326 452 700 957 
zan_20180725___iPhoneX___0008_701.jpg 1 zan 495 476 797 1031 
zan_20180725___iPhoneX___0011_306.jpg 1 zan 214 555 514 1117 
zan_20180725___iPhoneX___0018_41.jpg 1 zan 485 890 826 1407 
zan_20180725___iPhoneX___0016_811.jpg 1 zan 357 526 657 1212 
zan_20180725___iPhoneX___0017_1016.jpg 1 zan 330 1048 609 1469 
zan_20180725___iPhoneX___0011_71.jpg 1 zan 552 590 916 1188 
zan_20180725___iPhoneX___0004_486.jpg 1 zan 814 569 1080 960 
zan_20180725___iPhoneX___0017_551.jpg 1 zan 445 1014 740 1443 
zan_20180725___iPhoneX___0014_96.jpg 1 zan 335 295 602 683 
zan_20180725___iPhoneX___0016_756.jpg 1 zan 704 512 952 952 
zan_20180725___iPhoneX___0014_486.jpg 1 zan 307 495 547 912 
zan_20180725___iPhoneX___0013_161.jpg 1 zan 28 681 452 1333 
zan_20180725___iPhoneX___0008_846.jpg 1 zan 266 533 538 957 
zan_20180725___iPhoneX___0018_846.jpg 1 zan 484 925 790 1356 
zan_20180725___iPhoneX___0011_266.jpg 1 zan 173 669 597 1357 
zan_20180725___iPhoneX___0014_451.jpg 1 zan 321 407 557 802 
zan_20180725___iPhoneX___0008_661.jpg 1 zan 288 657 569 1055 
zan_20180725___iPhoneX___0017_586.jpg 1 zan 392 652 654 1038 
zan_20180725___iPhoneX___0014_41.jpg 1 zan 392 219 597 645 
zan_20180725___iPhoneX___0018_661.jpg 1 zan 38 638 447 1237 
zan_20180725___iPhoneX___0004_451.jpg 1 zan 235 636 447 1029 
zan_20180725___iPhoneX___0018_891.jpg 1 zan 519 1021 828 1424 
zan_20180725___iPhoneX___0017_1176.jpg 1 zan 402 1110 738 1426 
zan_20180725___iPhoneX___0016_971.jpg 1 zan 521 531 957 1238 
zan_20180725___iPhoneX___0008_891.jpg 1 zan 519 121 814 688 
zan_20180725___iPhoneX___0016_226.jpg 1 zan 342 555 697 1319 
zan_20180725___iPhoneX___0013_411.jpg 1 zan 302 500 600 1131 
zan_20180725___iPhoneX___0003_411.jpg 1 zan 619 255 890 740 
zan_20180725___iPhoneX___0011_931.jpg 1 zan 366 507 754 1171 
zan_20180725___iPhoneX___0010_31.jpg 1 zan 580 581 947 1090 
zan_20180725___iPhoneX___0018_311.jpg 1 zan 578 974 880 1412 
zan_20180725___iPhoneX___0010_511.jpg 1 zan 483 448 790 1057 
zan_20180725___iPhoneX___0011_716.jpg 1 zan 150 388 642 1140 
zan_20180725___iPhoneX___0014_121.jpg 1 zan 397 312 580 743 
zan_20180725___iPhoneX___0008_311.jpg 1 zan 495 638 716 1100 
zan_20180725___iPhoneX___0003_71.jpg 1 zan 278 262 521 674 
zan_20180725___iPhoneX___0017_976.jpg 1 zan 295 821 592 1262 
zan_20180725___iPhoneX___0018_1021.jpg 1 zan 480 957 783 1405 
zan_20180725___iPhoneX___0004_46.jpg 1 zan 478 350 690 738 
zan_20180725___iPhoneX___0016_581.jpg 1 zan 685 793 1038 1283 
zan_20180725___iPhoneX___0008_461.jpg 1 zan 452 105 792 679 
zan_20180725___iPhoneX___0010_261.jpg 1 zan 485 531 754 1045 
zan_20180725___iPhoneX___0017_786.jpg 1 zan 395 1079 707 1512 
zan_20180725___iPhoneX___0018_461.jpg 1 zan 123 512 511 1210 
zan_20180725___iPhoneX___0004_651.jpg 1 zan 609 221 878 714 
zan_20180725___iPhoneX___0014_876.jpg 1 zan 209 553 643 1231 
zan_20180725___iPhoneX___0004_686.jpg 1 zan 378 295 654 864 
zan_20180725___iPhoneX___0017_751.jpg 1 zan 535 993 771 1357 
zan_20180725___iPhoneX___0014_686.jpg 1 zan 566 517 745 867 
zan_20180725___iPhoneX___0016_556.jpg 1 zan 690 829 935 1214 
zan_20180725___iPhoneX___0013_361.jpg 1 zan 404 598 669 1100 
zan_20180725___iPhoneX___0013_76.jpg 1 zan 519 314 926 812 
zan_20180725___iPhoneX___0018_111.jpg 1 zan 580 960 864 1379 
zan_20180725___iPhoneX___0004_321.jpg 1 zan 378 693 607 1121 
zan_20180725___iPhoneX___0011_516.jpg 1 zan 295 479 638 1121 
zan_20180725___iPhoneX___0014_321.jpg 1 zan 533 502 692 862 
zan_20180725___iPhoneX___0008_111.jpg 1 zan 461 319 688 793 
zan_20180725___iPhoneX___0010_936.jpg 1 zan 283 695 614 1300 
zan_20180725___iPhoneX___0017_221.jpg 1 zan 421 705 733 1124 
zan_20180725___iPhoneX___0003_611.jpg 1 zan 438 343 654 760 
zan_20180725___iPhoneX___0010_881.jpg 1 zan 256 525 618 1153 
zan_20180725___iPhoneX___0016_191.jpg 1 zan 233 314 664 1260 
zan_20180725___iPhoneX___0014_241.jpg 1 zan 642 0 830 440 
zan_20180725___iPhoneX___0011_476.jpg 1 zan 230 307 642 1002 
zan_20180725___iPhoneX___0017_396.jpg 1 zan 573 1145 852 1569 
zan_20180725___iPhoneX___0010_671.jpg 1 zan 173 379 557 1081 
zan_20180725___iPhoneX___0010_856.jpg 1 zan 402 652 800 1243 
zan_20180725___iPhoneX___0003_771.jpg 1 zan 616 262 859 679 
zan_20180725___iPhoneX___0004_296.jpg 1 zan 602 371 852 776 
zan_20180725___iPhoneX___0016_91.jpg 1 zan 97 860 364 1374 
zan_20180725___iPhoneX___0017_341.jpg 1 zan 583 33 966 624 
zan_20180725___iPhoneX___0016_146.jpg 1 zan 557 533 814 1017 
zan_20180725___iPhoneX___0014_296.jpg 1 zan 251 547 473 912 
zan_20180725___iPhoneX___0017_816.jpg 1 zan 383 993 640 1407 
zan_20180725___iPhoneX___0008_46.jpg 1 zan 380 398 690 802 
zan_20180725___iPhoneX___0018_501.jpg 1 zan 311 788 554 1245 
zan_20180725___iPhoneX___0010_301.jpg 1 zan 495 679 754 1069 
zan_20180725___iPhoneX___0008_501.jpg 1 zan 161 255 569 619 
zan_20180725___iPhoneX___0014_731.jpg 1 zan 226 219 588 900 
zan_20180725___iPhoneX___0011_106.jpg 1 zan 174 631 624 1222 
zan_20180725___iPhoneX___0008_91.jpg 1 zan 438 317 688 771 
zan_20180725___iPhoneX___0013_201.jpg 1 zan 357 360 609 871 
zan_20180725___iPhoneX___0017_631.jpg 1 zan 145 379 476 795 
zan_20180725___iPhoneX___0003_201.jpg 1 zan 438 405 709 838 
zan_20180725___iPhoneX___0017_156.jpg 1 zan 376 888 645 1300 
zan_20180725___iPhoneX___0013_566.jpg 1 zan 447 610 711 1124 
zan_20180725___iPhoneX___0016_351.jpg 1 zan 338 688 988 1193 
zan_20180725___iPhoneX___0011_846.jpg 1 zan 269 650 797 1300 
zan_20180725___iPhoneX___0008_266.jpg 1 zan 223 745 683 1179 
zan_20180725___iPhoneX___0016_386.jpg 1 zan 47 752 578 1367 
zan_20180725___iPhoneX___0011_661.jpg 1 zan 469 621 911 1317 
zan_20180725___iPhoneX___0017_181.jpg 1 zan 368 862 690 1256 
zan_20180725___iPhoneX___0010_466.jpg 1 zan 450 605 771 1155 
zan_20180725___iPhoneX___0018_266.jpg 1 zan 445 1000 747 1424 
zan_20180725___iPhoneX___0011_891.jpg 1 zan 304 795 695 1423 
zan_20180725___iPhoneX___0016_621.jpg 1 zan 495 710 830 1376 
zan_20180725___iPhoneX___0017_426.jpg 1 zan 92 1133 311 1524 
zan_20180725___iPhoneX___0018_931.jpg 1 zan 154 736 580 1383 
zan_20180725___iPhoneX___0018_81.jpg 1 zan 519 983 890 1390 
zan_20180725___iPhoneX___0004_526.jpg 1 zan 688 395 947 836 
zan_20180725___iPhoneX___0018_716.jpg 1 zan 552 1002 826 1417 
zan_20180725___iPhoneX___0010_116.jpg 1 zan 330 531 700 1079 
zan_20180725___iPhoneX___0008_716.jpg 1 zan 616 469 923 1062 
zan_20180725___iPhoneX___0011_311.jpg 1 zan 228 576 530 1167 
zan_20180725___iPhoneX___0018_56.jpg 1 zan 457 895 814 1410 
zan_20180725___iPhoneX___0016_1001.jpg 1 zan 247 681 728 1429 
zan_20180725___iPhoneX___0016_806.jpg 1 zan 480 486 771 1155 
zan_20180725___iPhoneX___0011_66.jpg 1 zan 469 533 850 1131 
zan_20180725___iPhoneX___0017_1001.jpg 1 zan 335 1043 566 1464 
zan_20180725___iPhoneX___0003_176.jpg 1 zan 757 264 1038 669 
zan_20180725___iPhoneX___0014_81.jpg 1 zan 247 336 590 664 
zan_20180725___iPhoneX___0017_546.jpg 1 zan 404 1010 730 1433 
zan_20180725___iPhoneX___0016_741.jpg 1 zan 628 526 892 955 
zan_20180725___iPhoneX___0013_176.jpg 1 zan 264 410 559 993 
zan_20180725___iPhoneX___0008_851.jpg 1 zan 269 505 547 940 
zan_20180725___iPhoneX___0018_851.jpg 1 zan 466 936 802 1374 
zan_20180725___iPhoneX___0011_271.jpg 1 zan 183 724 650 1367 
zan_20180725___iPhoneX___0014_446.jpg 1 zan 278 390 540 771 
zan_20180725___iPhoneX___0016_796.jpg 1 zan 661 500 926 1098 
zan_20180725___iPhoneX___0008_676.jpg 1 zan 338 598 619 1050 
zan_20180725___iPhoneX___0017_591.jpg 1 zan 409 667 659 1052 
zan_20180725___iPhoneX___0018_676.jpg 1 zan 161 674 500 1188 
zan_20180725___iPhoneX___0004_446.jpg 1 zan 269 617 466 1010 
zan_20180725___iPhoneX___0018_886.jpg 1 zan 602 1048 902 1455 
zan_20180725___iPhoneX___0017_1161.jpg 1 zan 404 1045 673 1412 
zan_20180725___iPhoneX___0016_966.jpg 1 zan 530 557 909 1248 
zan_20180725___iPhoneX___0008_886.jpg 1 zan 464 167 773 705 
zan_20180725___iPhoneX___0016_231.jpg 1 zan 411 631 738 1331 
zan_20180725___iPhoneX___0013_406.jpg 1 zan 395 619 785 1164 
zan_20180725___iPhoneX___0003_406.jpg 1 zan 697 212 961 688 
zan_20180725___iPhoneX___0011_926.jpg 1 zan 333 598 697 1200 
zan_20180725___iPhoneX___0018_306.jpg 1 zan 545 983 866 1433 
zan_20180725___iPhoneX___0010_26.jpg 1 zan 571 593 878 1069 
zan_20180725___iPhoneX___0010_506.jpg 1 zan 397 431 738 1010 
zan_20180725___iPhoneX___0011_701.jpg 1 zan 168 400 591 1218 
zan_20180725___iPhoneX___0014_136.jpg 1 zan 283 426 507 898 
zan_20180725___iPhoneX___0008_306.jpg 1 zan 511 581 759 1081 
zan_20180725___iPhoneX___0003_66.jpg 1 zan 280 274 514 671 
zan_20180725___iPhoneX___0018_316.jpg 1 zan 590 971 866 1402 
zan_20180725___iPhoneX___0010_36.jpg 1 zan 557 593 964 1126 
zan_20180725___iPhoneX___0010_516.jpg 1 zan 590 560 959 1193 
zan_20180725___iPhoneX___0014_126.jpg 1 zan 328 333 545 793 
zan_20180725___iPhoneX___0008_316.jpg 1 zan 490 700 704 1126 
zan_20180725___iPhoneX___0011_711.jpg 1 zan 100 419 635 1160 
zan_20180725___iPhoneX___0003_76.jpg 1 zan 307 267 545 676 
zan_20180725___iPhoneX___0013_416.jpg 1 zan 140 502 535 1140 
zan_20180725___iPhoneX___0016_221.jpg 1 zan 297 481 688 1314 
zan_20180725___iPhoneX___0003_416.jpg 1 zan 569 267 838 760 
zan_20180725___iPhoneX___0011_936.jpg 1 zan 435 433 878 1160 
zan_20180725___iPhoneX___0016_786.jpg 1 zan 830 571 1078 1100 
zan_20180725___iPhoneX___0014_456.jpg 1 zan 357 405 592 795 
zan_20180725___iPhoneX___0008_666.jpg 1 zan 304 633 571 1045 
zan_20180725___iPhoneX___0011_261.jpg 1 zan 104 655 552 1324 
zan_20180725___iPhoneX___0014_46.jpg 1 zan 473 248 735 629 
zan_20180725___iPhoneX___0017_581.jpg 1 zan 359 624 616 1048 
zan_20180725___iPhoneX___0018_666.jpg 1 zan 121 621 457 1207 
zan_20180725___iPhoneX___0004_456.jpg 1 zan 219 624 430 1019 
zan_20180725___iPhoneX___0018_896.jpg 1 zan 488 988 759 1395 
zan_20180725___iPhoneX___0017_1171.jpg 1 zan 397 1102 723 1426 
zan_20180725___iPhoneX___0016_976.jpg 1 zan 559 566 1009 1250 
zan_20180725___iPhoneX___0008_896.jpg 1 zan 580 90 880 688 
zan_20180725___iPhoneX___0004_481.jpg 1 zan 745 507 988 881 
zan_20180725___iPhoneX___0014_91.jpg 1 zan 242 379 604 669 
zan_20180725___iPhoneX___0017_556.jpg 1 zan 419 964 726 1407 
zan_20180725___iPhoneX___0013_166.jpg 1 zan 33 624 433 1283 
zan_20180725___iPhoneX___0016_751.jpg 1 zan 685 483 928 924 
zan_20180725___iPhoneX___0014_481.jpg 1 zan 302 498 542 912 
zan_20180725___iPhoneX___0008_841.jpg 1 zan 266 574 538 979 
zan_20180725___iPhoneX___0018_841.jpg 1 zan 395 910 735 1348 
zan_20180725___iPhoneX___0004_536.jpg 1 zan 564 85 831 630 
zan_20180725___iPhoneX___0018_706.jpg 1 zan 445 919 730 1326 
zan_20180725___iPhoneX___0010_106.jpg 1 zan 314 436 669 950 
zan_20180725___iPhoneX___0011_301.jpg 1 zan 188 543 500 1081 
zan_20180725___iPhoneX___0008_706.jpg 1 zan 514 464 819 1040 
zan_20180725___iPhoneX___0018_46.jpg 1 zan 452 895 809 1426 
zan_20180725___iPhoneX___0016_816.jpg 1 zan 234 541 556 1238 
zan_20180725___iPhoneX___0011_76.jpg 1 zan 583 624 980 1231 
zan_20180725___iPhoneX___0017_1011.jpg 1 zan 314 1076 600 1476 
zan_20180725___iPhoneX___0016_631.jpg 1 zan 407 645 766 1355 
zan_20180725___iPhoneX___0017_436.jpg 1 zan 202 1071 464 1464 
zan_20180725___iPhoneX___0018_921.jpg 1 zan 216 790 595 1376 
zan_20180725___iPhoneX___0018_91.jpg 1 zan 530 995 880 1410 
zan_20180725___iPhoneX___0011_671.jpg 1 zan 214 562 666 1312 
zan_20180725___iPhoneX___0008_276.jpg 1 zan 330 555 759 1060 
zan_20180725___iPhoneX___0016_396.jpg 1 zan 316 636 716 1312 
zan_20180725___iPhoneX___0017_191.jpg 1 zan 195 662 495 1112 
zan_20180725___iPhoneX___0018_276.jpg 1 zan 478 967 740 1386 
zan_20180725___iPhoneX___0011_881.jpg 1 zan 330 398 809 1283 
zan_20180725___iPhoneX___0003_576.jpg 1 zan 847 419 1080 717 
zan_20180725___iPhoneX___0017_146.jpg 1 zan 326 926 535 1360 
zan_20180725___iPhoneX___0016_341.jpg 1 zan 388 705 1064 1181 
zan_20180725___iPhoneX___0013_576.jpg 1 zan 354 567 640 1133 
zan_20180725___iPhoneX___0011_856.jpg 1 zan 281 238 824 1244 
zan_20180725___iPhoneX___0008_81.jpg 1 zan 378 376 657 795 
zan_20180725___iPhoneX___0013_211.jpg 1 zan 248 531 552 1081 
zan_20180725___iPhoneX___0017_621.jpg 1 zan 135 386 464 798 
zan_20180725___iPhoneX___0003_211.jpg 1 zan 423 255 669 714 
zan_20180725___iPhoneX___0017_1206.jpg 1 zan 369 1148 669 1543 
zan_20180725___iPhoneX___0017_806.jpg 1 zan 335 1036 616 1424 
zan_20180725___iPhoneX___0008_56.jpg 1 zan 290 462 590 843 
zan_20180725___iPhoneX___0018_511.jpg 1 zan 319 829 559 1252 
zan_20180725___iPhoneX___0010_311.jpg 1 zan 461 700 709 1057 
zan_20180725___iPhoneX___0011_116.jpg 1 zan 190 555 683 1202 
zan_20180725___iPhoneX___0008_511.jpg 1 zan 192 286 602 655 
zan_20180725___iPhoneX___0014_721.jpg 1 zan 473 236 769 848 
zan_20180725___iPhoneX___0010_846.jpg 1 zan 438 648 797 1248 
zan_20180725___iPhoneX___0004_286.jpg 1 zan 804 355 1073 731 
zan_20180725___iPhoneX___0003_761.jpg 1 zan 638 307 890 755 
zan_20180725___iPhoneX___0016_81.jpg 1 zan 10 783 307 1383 
zan_20180725___iPhoneX___0017_351.jpg 1 zan 557 81 928 667 
zan_20180725___iPhoneX___0014_286.jpg 1 zan 207 381 452 793 
zan_20180725___iPhoneX___0016_156.jpg 1 zan 523 329 790 864 
zan_20180725___iPhoneX___0004_1.jpg 1 zan 380 410 588 786 
zan_20180725___iPhoneX___0010_891.jpg 1 zan 350 381 690 1033 
zan_20180725___iPhoneX___0011_466.jpg 1 zan 332 469 700 1140 
zan_20180725___iPhoneX___0014_251.jpg 1 zan 471 2 678 448 
zan_20180725___iPhoneX___0016_181.jpg 1 zan 319 286 688 1083 
zan_20180725___iPhoneX___0010_661.jpg 1 zan 235 362 571 1088 
zan_20180725___iPhoneX___0017_386.jpg 1 zan 426 1045 688 1452 
zan_20180725___iPhoneX___0010_926.jpg 1 zan 319 498 659 1093 
zan_20180725___iPhoneX___0017_231.jpg 1 zan 492 836 776 1221 
zan_20180725___iPhoneX___0003_601.jpg 1 zan 504 250 707 648 
zan_20180725___iPhoneX___0018_101.jpg 1 zan 557 988 897 1426 
zan_20180725___iPhoneX___0004_331.jpg 1 zan 335 740 557 1164 
zan_20180725___iPhoneX___0014_331.jpg 1 zan 509 481 673 836 
zan_20180725___iPhoneX___0008_101.jpg 1 zan 516 310 754 781 
zan_20180725___iPhoneX___0011_506.jpg 1 zan 385 457 783 1064 
zan_20180725___iPhoneX___0014_866.jpg 1 zan 11 686 611 1295 
zan_20180725___iPhoneX___0017_741.jpg 1 zan 547 729 823 1110 
zan_20180725___iPhoneX___0013_371.jpg 1 zan 335 588 609 1083 
zan_20180725___iPhoneX___0016_546.jpg 1 zan 611 853 813 1213 
zan_20180725___iPhoneX___0014_696.jpg 1 zan 533 369 728 771 
zan_20180725___iPhoneX___0017_966.jpg 1 zan 247 671 590 1171 
zan_20180725___iPhoneX___0018_1031.jpg 1 zan 397 860 707 1326 
zan_20180725___iPhoneX___0004_56.jpg 1 zan 490 148 733 610 
zan_20180725___iPhoneX___0016_591.jpg 1 zan 678 838 1037 1360 
zan_20180725___iPhoneX___0008_471.jpg 1 zan 514 93 864 650 
zan_20180725___iPhoneX___0017_796.jpg 1 zan 430 1029 704 1448 
zan_20180725___iPhoneX___0010_271.jpg 1 zan 447 657 754 1152 
zan_20180725___iPhoneX___0018_471.jpg 1 zan 152 500 535 1152 
zan_20180725___iPhoneX___0010_21.jpg 1 zan 497 643 792 1098 
zan_20180725___iPhoneX___0018_301.jpg 1 zan 542 986 804 1431 
zan_20180725___iPhoneX___0010_501.jpg 1 zan 378 426 711 1029 
zan_20180725___iPhoneX___0014_131.jpg 1 zan 295 376 511 848 
zan_20180725___iPhoneX___0008_301.jpg 1 zan 533 529 833 1045 
zan_20180725___iPhoneX___0011_706.jpg 1 zan 166 402 635 1198 
zan_20180725___iPhoneX___0003_61.jpg 1 zan 302 212 511 619 
zan_20180725___iPhoneX___0016_236.jpg 1 zan 492 688 802 1336 
zan_20180725___iPhoneX___0003_401.jpg 1 zan 747 88 997 571 
zan_20180725___iPhoneX___0011_921.jpg 1 zan 300 588 633 1164 
zan_20180725___iPhoneX___0014_441.jpg 1 zan 333 329 557 740 
zan_20180725___iPhoneX___0016_791.jpg 1 zan 740 543 1000 1100 
zan_20180725___iPhoneX___0008_671.jpg 1 zan 316 619 600 1048 
zan_20180725___iPhoneX___0011_276.jpg 1 zan 161 669 630 1324 
zan_20180725___iPhoneX___0017_596.jpg 1 zan 395 621 650 1036 
zan_20180725___iPhoneX___0018_671.jpg 1 zan 196 644 502 1194 
zan_20180725___iPhoneX___0004_441.jpg 1 zan 295 560 492 955 
zan_20180725___iPhoneX___0018_881.jpg 1 zan 647 1050 966 1469 
zan_20180725___iPhoneX___0017_1166.jpg 1 zan 395 1079 700 1412 
zan_20180725___iPhoneX___0016_961.jpg 1 zan 459 600 828 1264 
zan_20180725___iPhoneX___0008_881.jpg 1 zan 414 200 714 717 
zan_20180725___iPhoneX___0017_541.jpg 1 zan 411 995 700 1421 
zan_20180725___iPhoneX___0014_86.jpg 1 zan 226 381 597 667 
zan_20180725___iPhoneX___0013_171.jpg 1 zan 152 500 490 1141 
zan_20180725___iPhoneX___0016_746.jpg 1 zan 673 495 926 938 
zan_20180725___iPhoneX___0008_856.jpg 1 zan 273 464 561 907 
zan_20180725___iPhoneX___0018_856.jpg 1 zan 509 952 807 1376 
zan_20180725___iPhoneX___0004_521.jpg 1 zan 750 479 1011 912 
zan_20180725___iPhoneX___0018_711.jpg 1 zan 476 948 742 1357 
zan_20180725___iPhoneX___0010_111.jpg 1 zan 316 462 716 986 
zan_20180725___iPhoneX___0011_316.jpg 1 zan 284 633 612 1217 
zan_20180725___iPhoneX___0008_711.jpg 1 zan 552 455 857 1043 
zan_20180725___iPhoneX___0016_1006.jpg 1 zan 2 693 480 1460 
zan_20180725___iPhoneX___0018_51.jpg 1 zan 473 895 809 1414 
zan_20180725___iPhoneX___0016_801.jpg 1 zan 569 479 864 1119 
zan_20180725___iPhoneX___0017_1006.jpg 1 zan 316 1052 607 1464 
zan_20180725___iPhoneX___0011_61.jpg 1 zan 407 502 821 1086 
zan_20180725___iPhoneX___0016_626.jpg 1 zan 411 645 745 1348 
zan_20180725___iPhoneX___0017_421.jpg 1 zan 85 1145 304 1536 
zan_20180725___iPhoneX___0018_936.jpg 1 zan 95 702 547 1343 
zan_20180725___iPhoneX___0018_86.jpg 1 zan 514 983 888 1395 
zan_20180725___iPhoneX___0011_666.jpg 1 zan 404 614 807 1331 
zan_20180725___iPhoneX___0008_261.jpg 1 zan 200 769 642 1176 
zan_20180725___iPhoneX___0016_381.jpg 1 zan 88 719 561 1364 
zan_20180725___iPhoneX___0010_461.jpg 1 zan 392 393 716 1040 
zan_20180725___iPhoneX___0017_186.jpg 1 zan 295 740 595 1179 
zan_20180725___iPhoneX___0018_261.jpg 1 zan 466 993 773 1419 
zan_20180725___iPhoneX___0011_896.jpg 1 zan 261 695 630 1295 
zan_20180725___iPhoneX___0017_151.jpg 1 zan 378 912 578 1329 
zan_20180725___iPhoneX___0016_356.jpg 1 zan 330 650 938 1221 
zan_20180725___iPhoneX___0013_561.jpg 1 zan 452 590 700 1102 
zan_20180725___iPhoneX___0011_841.jpg 1 zan 345 821 835 1383 
zan_20180725___iPhoneX___0008_96.jpg 1 zan 487 315 724 777 
zan_20180725___iPhoneX___0013_206.jpg 1 zan 295 442 566 968 
zan_20180725___iPhoneX___0017_636.jpg 1 zan 207 383 488 802 
zan_20180725___iPhoneX___0003_206.jpg 1 zan 450 345 707 790 
zan_20180725___iPhoneX___0017_811.jpg 1 zan 354 1045 628 1438 
zan_20180725___iPhoneX___0017_1211.jpg 1 zan 357 1107 669 1548 
zan_20180725___iPhoneX___0008_41.jpg 1 zan 423 352 761 771 
zan_20180725___iPhoneX___0018_506.jpg 1 zan 309 807 550 1250 
zan_20180725___iPhoneX___0010_306.jpg 1 zan 483 702 730 1060 
zan_20180725___iPhoneX___0011_101.jpg 1 zan 228 617 633 1269 
zan_20180725___iPhoneX___0014_736.jpg 1 zan 102 217 516 943 
zan_20180725___iPhoneX___0010_851.jpg 1 zan 434 644 849 1241 
zan_20180725___iPhoneX___0004_291.jpg 1 zan 688 343 942 738 
zan_20180725___iPhoneX___0003_776.jpg 1 zan 604 283 835 676 
zan_20180725___iPhoneX___0016_96.jpg 1 zan 166 893 407 1355 
zan_20180725___iPhoneX___0017_346.jpg 1 zan 590 17 983 657 
zan_20180725___iPhoneX___0016_141.jpg 1 zan 567 640 796 1098 
zan_20180725___iPhoneX___0014_291.jpg 1 zan 238 524 454 893 
zan_20180725___iPhoneX___0010_886.jpg 1 zan 326 467 669 1098 
zan_20180725___iPhoneX___0011_471.jpg 1 zan 245 419 597 1086 
zan_20180725___iPhoneX___0016_196.jpg 1 zan 187 309 637 1303 
zan_20180725___iPhoneX___0014_246.jpg 1 zan 573 0 769 421 
zan_20180725___iPhoneX___0010_676.jpg 1 zan 195 388 559 1102 
zan_20180725___iPhoneX___0017_391.jpg 1 zan 509 1095 804 1514 
zan_20180725___iPhoneX___0010_931.jpg 1 zan 311 560 645 1198 
zan_20180725___iPhoneX___0017_226.jpg 1 zan 447 745 742 1160 
zan_20180725___iPhoneX___0003_616.jpg 1 zan 397 343 609 781 
zan_20180725___iPhoneX___0018_116.jpg 1 zan 578 952 864 1369 
zan_20180725___iPhoneX___0004_326.jpg 1 zan 354 738 580 1157 
zan_20180725___iPhoneX___0014_326.jpg 1 zan 526 493 700 857 
zan_20180725___iPhoneX___0008_116.jpg 1 zan 464 335 671 790 
zan_20180725___iPhoneX___0011_511.jpg 1 zan 335 467 692 1088 
zan_20180725___iPhoneX___0014_871.jpg 1 zan 64 671 638 1281 
zan_20180725___iPhoneX___0004_681.jpg 1 zan 380 302 661 886 
zan_20180725___iPhoneX___0017_756.jpg 1 zan 500 995 742 1364 
zan_20180725___iPhoneX___0013_366.jpg 1 zan 397 588 640 1079 
zan_20180725___iPhoneX___0014_681.jpg 1 zan 580 543 754 888 
zan_20180725___iPhoneX___0016_551.jpg 1 zan 630 821 888 1200 
zan_20180725___iPhoneX___0017_971.jpg 1 zan 257 724 585 1212 
zan_20180725___iPhoneX___0018_1026.jpg 1 zan 428 917 738 1379 
zan_20180725___iPhoneX___0016_586.jpg 1 zan 664 812 1047 1321 
zan_20180725___iPhoneX___0008_466.jpg 1 zan 497 86 826 686 
zan_20180725___iPhoneX___0004_41.jpg 1 zan 433 476 635 843 
zan_20180725___iPhoneX___0017_781.jpg 1 zan 400 1064 704 1455 
zan_20180725___iPhoneX___0010_266.jpg 1 zan 478 607 776 1107 
zan_20180725___iPhoneX___0018_466.jpg 1 zan 123 464 521 1179 
zan_20180725___iPhoneX___0004_656.jpg 1 zan 569 195 826 698 
zan_20180725___iPhoneX___0018_1041.jpg 1 zan 290 776 619 1300 
zan_20180725___iPhoneX___0017_66.jpg 1 zan 384 934 678 1340 
zan_20180725___iPhoneX___0017_916.jpg 1 zan 52 374 473 976 
zan_20180725___iPhoneX___0010_201.jpg 1 zan 371 545 726 1000 
zan_20180725___iPhoneX___0018_401.jpg 1 zan 435 960 702 1362 
zan_20180725___iPhoneX___0008_401.jpg 1 zan 328 636 564 990 
zan_20180725___iPhoneX___0004_26.jpg 1 zan 271 674 473 1033 
zan_20180725___iPhoneX___0018_1096.jpg 1 zan 602 1076 878 1483 
zan_20180725___iPhoneX___0014_816.jpg 1 zan 361 619 776 1293 
zan_20180725___iPhoneX___0016_536.jpg 1 zan 538 867 764 1236 
zan_20180725___iPhoneX___0017_731.jpg 1 zan 614 517 892 914 
zan_20180725___iPhoneX___0013_16.jpg 1 zan 261 133 659 726 
zan_20180725___iPhoneX___0011_576.jpg 1 zan 159 433 545 1060 
zan_20180725___iPhoneX___0014_341.jpg 1 zan 496 531 796 824 
zan_20180725___iPhoneX___0008_171.jpg 1 zan 483 95 757 630 
zan_20180725___iPhoneX___0018_171.jpg 1 zan 564 962 864 1381 
zan_20180725___iPhoneX___0004_341.jpg 1 zan 390 629 607 1052 
zan_20180725___iPhoneX___0017_296.jpg 1 zan 469 1045 733 1448 
zan_20180725___iPhoneX___0017_241.jpg 1 zan 512 862 793 1238 
zan_20180725___iPhoneX___0003_671.jpg 1 zan 123 138 345 605 
zan_20180725___iPhoneX___0014_396.jpg 1 zan 383 417 604 812 
zan_20180725___iPhoneX___0016_26.jpg 1 zan 108 0 840 1536 
zan_20180725___iPhoneX___0010_611.jpg 1 zan 171 541 552 1144 
zan_20180725___iPhoneX___0004_221.jpg 1 zan 359 288 616 814 
zan_20180725___iPhoneX___0014_221.jpg 1 zan 554 312 733 721 
zan_20180725___iPhoneX___0011_416.jpg 1 zan 280 550 604 1076 
zan_20180725___iPhoneX___0010_836.jpg 1 zan 321 721 678 1286 
zan_20180725___iPhoneX___0016_126.jpg 1 zan 490 852 700 1243 
zan_20180725___iPhoneX___0003_711.jpg 1 zan 442 126 640 555 
zan_20180725___iPhoneX___0017_321.jpg 1 zan 335 883 583 1255 
zan_20180725___iPhoneX___0017_876.jpg 1 zan 214 864 450 1245 
zan_20180725___iPhoneX___0008_26.jpg 1 zan 570 97 866 619 
zan_20180725___iPhoneX___0018_1121.jpg 1 zan 404 931 635 1348 
zan_20180725___iPhoneX___0008_561.jpg 1 zan 611 329 985 850 
zan_20180725___iPhoneX___0014_751.jpg 1 zan 34 559 549 1278 
zan_20180725___iPhoneX___0016_481.jpg 1 zan 169 600 638 1464 
zan_20180725___iPhoneX___0011_1011.jpg 1 zan 395 352 780 1026 
zan_20180725___iPhoneX___0011_166.jpg 1 zan 384 609 762 1262 
zan_20180725___iPhoneX___0018_561.jpg 1 zan 562 966 887 1366 
zan_20180725___iPhoneX___0017_686.jpg 1 zan 545 510 816 862 
zan_20180725___iPhoneX___0010_361.jpg 1 zan 485 740 988 1493 
zan_20180725___iPhoneX___0017_651.jpg 1 zan 300 410 595 845 
zan_20180725___iPhoneX___0003_261.jpg 1 zan 114 260 340 683 
zan_20180725___iPhoneX___0013_261.jpg 1 zan 430 0 726 643 
zan_20180725___iPhoneX___0014_786.jpg 1 zan 309 664 797 1345 
zan_20180725___iPhoneX___0016_456.jpg 1 zan 481 553 871 1244 
zan_20180725___iPhoneX___0013_506.jpg 1 zan 250 655 592 1243 
zan_20180725___iPhoneX___0016_331.jpg 1 zan 357 536 700 1248 
zan_20180725___iPhoneX___0003_506.jpg 1 zan 609 290 809 652 
zan_20180725___iPhoneX___0017_136.jpg 1 zan 419 919 621 1314 
zan_20180725___iPhoneX___0011_826.jpg 1 zan 219 514 716 1364 
zan_20180725___iPhoneX___0010_406.jpg 1 zan 269 669 680 1226 
zan_20180725___iPhoneX___0018_206.jpg 1 zan 502 955 795 1360 
zan_20180725___iPhoneX___0008_206.jpg 1 zan 264 67 659 633 
zan_20180725___iPhoneX___0017_446.jpg 1 zan 257 1067 519 1474 
zan_20180725___iPhoneX___0004_591.jpg 1 zan 716 0 1026 562 
zan_20180725___iPhoneX___0016_641.jpg 1 zan 333 671 750 1362 
zan_20180725___iPhoneX___0018_951.jpg 1 zan 19 640 507 1214 
zan_20180725___iPhoneX___0008_776.jpg 1 zan 519 652 745 1071 
zan_20180725___iPhoneX___0016_696.jpg 1 zan 85 614 407 1014 
zan_20180725___iPhoneX___0011_371.jpg 1 zan 526 576 826 1090 
zan_20180725___iPhoneX___0018_776.jpg 1 zan 161 910 452 1360 
zan_20180725___iPhoneX___0017_491.jpg 1 zan 356 1047 631 1444 
zan_20180725___iPhoneX___0010_176.jpg 1 zan 502 591 859 1166 
zan_20180725___iPhoneX___0017_1061.jpg 1 zan 421 1069 700 1486 
zan_20180725___iPhoneX___0018_986.jpg 1 zan 509 1036 888 1474 
zan_20180725___iPhoneX___0018_36.jpg 1 zan 511 895 842 1388 
zan_20180725___iPhoneX___0016_1061.jpg 1 zan 283 536 640 1002 
zan_20180725___iPhoneX___0016_866.jpg 1 zan 302 348 583 979 
zan_20180725___iPhoneX___0016_721.jpg 1 zan 350 595 638 971 
zan_20180725___iPhoneX___0013_116.jpg 1 zan 495 321 869 840 
zan_20180725___iPhoneX___0003_116.jpg 1 zan 371 148 597 588 
zan_20180725___iPhoneX___0017_526.jpg 1 zan 313 1036 563 1459 
zan_20180725___iPhoneX___0018_1.jpg 1 zan 583 1033 942 1573 
zan_20180725___iPhoneX___0018_831.jpg 1 zan 288 857 609 1319 
zan_20180725___iPhoneX___0008_831.jpg 1 zan 278 643 542 1036 
zan_20180725___iPhoneX___0014_36.jpg 1 zan 276 340 619 676 
zan_20180725___iPhoneX___0018_616.jpg 1 zan 388 950 633 1381 
zan_20180725___iPhoneX___0004_426.jpg 1 zan 388 474 580 852 
zan_20180725___iPhoneX___0014_426.jpg 1 zan 490 415 779 765 
zan_20180725___iPhoneX___0008_616.jpg 1 zan 457 502 709 1031 
zan_20180725___iPhoneX___0016_906.jpg 1 zan 371 871 578 1298 
zan_20180725___iPhoneX___0017_1101.jpg 1 zan 361 1079 690 1488 
zan_20180725___iPhoneX___0010_91.jpg 1 zan 350 498 728 1043 
zan_20180725___iPhoneX___0004_181.jpg 1 zan 628 233 885 657 
zan_20180725___iPhoneX___0003_466.jpg 1 zan 161 279 359 655 
zan_20180725___iPhoneX___0016_251.jpg 1 zan 573 836 835 1355 
zan_20180725___iPhoneX___0014_181.jpg 1 zan 188 452 421 886 
zan_20180725___iPhoneX___0013_466.jpg 1 zan 409 679 845 1181 
zan_20180725___iPhoneX___0011_946.jpg 1 zan 454 355 954 1105 
zan_20180725___iPhoneX___0011_761.jpg 1 zan 102 419 659 1203 
zan_20180725___iPhoneX___0016_286.jpg 1 zan 159 769 393 1188 
zan_20180725___iPhoneX___0014_156.jpg 1 zan 300 400 523 876 
zan_20180725___iPhoneX___0008_366.jpg 1 zan 342 612 590 998 
zan_20180725___iPhoneX___0010_46.jpg 1 zan 495 688 942 1193 
zan_20180725___iPhoneX___0018_366.jpg 1 zan 697 983 1000 1405 
zan_20180725___iPhoneX___0010_566.jpg 1 zan 333 636 647 1169 
zan_20180725___iPhoneX___0018_1056.jpg 1 zan 240 745 614 1333 
zan_20180725___iPhoneX___0017_71.jpg 1 zan 390 926 680 1310 
zan_20180725___iPhoneX___0017_901.jpg 1 zan 161 471 490 1005 
zan_20180725___iPhoneX___0010_216.jpg 1 zan 390 583 745 1064 
zan_20180725___iPhoneX___0018_416.jpg 1 zan 361 869 621 1319 
zan_20180725___iPhoneX___0004_31.jpg 1 zan 285 626 497 1010 
zan_20180725___iPhoneX___0008_416.jpg 1 zan 326 524 597 907 
zan_20180725___iPhoneX___0018_1081.jpg 1 zan 571 1088 869 1514 
zan_20180725___iPhoneX___0014_801.jpg 1 zan 402 669 823 1331 
zan_20180725___iPhoneX___0016_521.jpg 1 zan 269 805 564 1190 
zan_20180725___iPhoneX___0017_726.jpg 1 zan 611 524 885 890 
zan_20180725___iPhoneX___0011_561.jpg 1 zan 219 650 566 1195 
zan_20180725___iPhoneX___0014_356.jpg 1 zan 463 476 738 795 
zan_20180725___iPhoneX___0008_166.jpg 1 zan 445 117 711 624 
zan_20180725___iPhoneX___0018_166.jpg 1 zan 578 962 876 1381 
zan_20180725___iPhoneX___0004_356.jpg 1 zan 652 481 864 857 
zan_20180725___iPhoneX___0017_281.jpg 1 zan 321 921 602 1340 
zan_20180725___iPhoneX___0010_941.jpg 1 zan 254 833 583 1362 
zan_20180725___iPhoneX___0017_256.jpg 1 zan 397 871 673 1274 
zan_20180725___iPhoneX___0003_666.jpg 1 zan 195 107 404 567 
zan_20180725___iPhoneX___0014_381.jpg 1 zan 290 424 573 788 
zan_20180725___iPhoneX___0010_606.jpg 1 zan 273 524 595 1133 
zan_20180725___iPhoneX___0004_236.jpg 1 zan 752 257 1002 671 
zan_20180725___iPhoneX___0014_236.jpg 1 zan 645 0 838 457 
zan_20180725___iPhoneX___0011_401.jpg 1 zan 319 548 619 1069 
zan_20180725___iPhoneX___0010_821.jpg 1 zan 185 688 688 1264 
zan_20180725___iPhoneX___0016_131.jpg 1 zan 523 802 738 1214 
zan_20180725___iPhoneX___0003_706.jpg 1 zan 366 143 561 590 
zan_20180725___iPhoneX___0017_336.jpg 1 zan 542 193 878 679 
zan_20180725___iPhoneX___0017_861.jpg 1 zan 200 1014 502 1424 
zan_20180725___iPhoneX___0008_31.jpg 1 zan 514 164 830 648 
zan_20180725___iPhoneX___0014_746.jpg 1 zan 33 326 507 1098 
zan_20180725___iPhoneX___0011_171.jpg 1 zan 404 560 802 1217 
zan_20180725___iPhoneX___0018_576.jpg 1 zan 688 983 992 1400 
zan_20180725___iPhoneX___0017_691.jpg 1 zan 528 460 807 864 
zan_20180725___iPhoneX___0010_376.jpg 1 zan 392 755 776 1426 
zan_20180725___iPhoneX___0017_646.jpg 1 zan 280 407 554 836 
zan_20180725___iPhoneX___0016_441.jpg 1 zan 50 714 452 1393 
zan_20180725___iPhoneX___0014_791.jpg 1 zan 376 664 833 1340 
zan_20180725___iPhoneX___0013_511.jpg 1 zan 269 662 600 1269 
zan_20180725___iPhoneX___0016_326.jpg 1 zan 278 550 591 1267 
zan_20180725___iPhoneX___0003_511.jpg 1 zan 697 313 898 680 
zan_20180725___iPhoneX___0017_121.jpg 1 zan 519 895 821 1324 
zan_20180725___iPhoneX___0011_831.jpg 1 zan 338 571 819 1388 
zan_20180725___iPhoneX___0010_411.jpg 1 zan 338 698 714 1255 
zan_20180725___iPhoneX___0018_211.jpg 1 zan 464 931 723 1343 
zan_20180725___iPhoneX___0008_211.jpg 1 zan 166 162 576 676 
zan_20180725___iPhoneX___0011_616.jpg 1 zan 209 488 612 1178 
zan_20180725___iPhoneX___0017_451.jpg 1 zan 240 1055 516 1462 
zan_20180725___iPhoneX___0004_586.jpg 1 zan 545 0 816 567 
zan_20180725___iPhoneX___0016_656.jpg 1 zan 104 610 566 1238 
zan_20180725___iPhoneX___0018_946.jpg 1 zan 0 645 502 1238 
zan_20180725___iPhoneX___0008_761.jpg 1 zan 659 595 895 1057 
zan_20180725___iPhoneX___0016_681.jpg 1 zan 73 619 464 1086 
zan_20180725___iPhoneX___0011_366.jpg 1 zan 497 564 807 1086 
zan_20180725___iPhoneX___0018_761.jpg 1 zan 290 955 571 1360 
zan_20180725___iPhoneX___0017_486.jpg 1 zan 321 1043 600 1433 
zan_20180725___iPhoneX___0010_161.jpg 1 zan 657 779 1028 1329 
zan_20180725___iPhoneX___0011_11.jpg 1 zan 223 295 745 1026 
zan_20180725___iPhoneX___0017_1076.jpg 1 zan 380 1081 692 1421 
zan_20180725___iPhoneX___0018_991.jpg 1 zan 607 1093 940 1526 
zan_20180725___iPhoneX___0003_1.jpg 1 zan 192 133 440 479 
zan_20180725___iPhoneX___0018_21.jpg 1 zan 556 962 874 1425 
zan_20180725___iPhoneX___0016_871.jpg 1 zan 328 569 595 1160 
zan_20180725___iPhoneX___0016_736.jpg 1 zan 554 562 826 971 
zan_20180725___iPhoneX___0013_101.jpg 1 zan 178 457 661 914 
zan_20180725___iPhoneX___0003_101.jpg 1 zan 54 195 369 610 
zan_20180725___iPhoneX___0017_531.jpg 1 zan 376 1021 598 1459 
zan_20180725___iPhoneX___0018_826.jpg 1 zan 219 829 576 1314 
zan_20180725___iPhoneX___0008_826.jpg 1 zan 264 669 526 1052 
zan_20180725___iPhoneX___0018_601.jpg 1 zan 573 1002 857 1426 
zan_20180725___iPhoneX___0004_431.jpg 1 zan 326 500 511 886 
zan_20180725___iPhoneX___0014_431.jpg 1 zan 469 367 700 752 
zan_20180725___iPhoneX___0008_601.jpg 1 zan 535 479 835 1007 
zan_20180725___iPhoneX___0016_911.jpg 1 zan 319 793 545 1221 
zan_20180725___iPhoneX___0017_1116.jpg 1 zan 364 1040 688 1471 
zan_20180725___iPhoneX___0004_196.jpg 1 zan 411 424 666 907 
zan_20180725___iPhoneX___0003_471.jpg 1 zan 26 400 216 771 
zan_20180725___iPhoneX___0010_86.jpg 1 zan 380 552 766 1098 
zan_20180725___iPhoneX___0014_196.jpg 1 zan 366 450 569 833 
zan_20180725___iPhoneX___0016_246.jpg 1 zan 569 774 861 1350 
zan_20180725___iPhoneX___0013_471.jpg 1 zan 380 576 680 1174 
zan_20180725___iPhoneX___0011_951.jpg 1 zan 307 245 747 1045 
zan_20180725___iPhoneX___0011_776.jpg 1 zan 430 683 871 1467 
zan_20180725___iPhoneX___0014_141.jpg 1 zan 276 448 504 912 
zan_20180725___iPhoneX___0016_291.jpg 1 zan 85 776 333 1210 
zan_20180725___iPhoneX___0008_371.jpg 1 zan 340 614 602 1000 
zan_20180725___iPhoneX___0018_371.jpg 1 zan 700 986 1007 1398 
zan_20180725___iPhoneX___0010_51.jpg 1 zan 492 695 947 1200 
zan_20180725___iPhoneX___0010_571.jpg 1 zan 419 648 733 1169 
zan_20180725___iPhoneX___0003_11.jpg 1 zan 238 129 464 493 
zan_20180725___iPhoneX___0011_986.jpg 1 zan 352 402 695 1012 
zan_20180725___iPhoneX___0016_281.jpg 1 zan 264 752 473 1174 
zan_20180725___iPhoneX___0014_151.jpg 1 zan 304 417 523 886 
zan_20180725___iPhoneX___0008_361.jpg 1 zan 347 610 619 998 
zan_20180725___iPhoneX___0011_766.jpg 1 zan 140 450 619 1250 
zan_20180725___iPhoneX___0018_361.jpg 1 zan 702 988 1014 1414 
zan_20180725___iPhoneX___0010_41.jpg 1 zan 523 657 957 1174 
zan_20180725___iPhoneX___0010_561.jpg 1 zan 230 631 592 1162 
zan_20180725___iPhoneX___0003_461.jpg 1 zan 302 217 483 598 
zan_20180725___iPhoneX___0004_186.jpg 1 zan 532 266 764 706 
zan_20180725___iPhoneX___0010_96.jpg 1 zan 340 469 692 998 
zan_20180725___iPhoneX___0016_256.jpg 1 zan 561 893 792 1355 
zan_20180725___iPhoneX___0014_186.jpg 1 zan 264 448 483 867 
zan_20180725___iPhoneX___0011_941.jpg 1 zan 500 431 1052 1160 
zan_20180725___iPhoneX___0018_611.jpg 1 zan 435 971 702 1421 
zan_20180725___iPhoneX___0004_421.jpg 1 zan 490 443 685 812 
zan_20180725___iPhoneX___0014_421.jpg 1 zan 502 450 823 769 
zan_20180725___iPhoneX___0008_611.jpg 1 zan 504 464 769 1014 
zan_20180725___iPhoneX___0016_901.jpg 1 zan 411 905 623 1348 
zan_20180725___iPhoneX___0017_1106.jpg 1 zan 350 1102 690 1531 
zan_20180725___iPhoneX___0013_111.jpg 1 zan 457 262 709 838 
zan_20180725___iPhoneX___0016_726.jpg 1 zan 400 593 680 971 
zan_20180725___iPhoneX___0003_111.jpg 1 zan 169 169 426 593 
zan_20180725___iPhoneX___0017_521.jpg 1 zan 309 1050 564 1486 
zan_20180725___iPhoneX___0018_6.jpg 1 zan 585 1014 919 1514 
zan_20180725___iPhoneX___0018_836.jpg 1 zan 328 890 654 1343 
zan_20180725___iPhoneX___0008_836.jpg 1 zan 276 607 535 1007 
zan_20180725___iPhoneX___0011_376.jpg 1 zan 492 629 830 1126 
zan_20180725___iPhoneX___0008_771.jpg 1 zan 566 650 811 1081 
zan_20180725___iPhoneX___0016_691.jpg 1 zan 66 617 423 1040 
zan_20180725___iPhoneX___0018_771.jpg 1 zan 223 938 490 1364 
zan_20180725___iPhoneX___0010_171.jpg 1 zan 583 648 904 1231 
zan_20180725___iPhoneX___0017_496.jpg 1 zan 373 1048 647 1455 
zan_20180725___iPhoneX___0017_1066.jpg 1 zan 426 1045 669 1476 
zan_20180725___iPhoneX___0018_981.jpg 1 zan 396 931 778 1410 
zan_20180725___iPhoneX___0016_1066.jpg 1 zan 304 502 645 976 
zan_20180725___iPhoneX___0018_31.jpg 1 zan 535 907 869 1371 
zan_20180725___iPhoneX___0016_861.jpg 1 zan 283 52 583 736 
zan_20180725___iPhoneX___0017_441.jpg 1 zan 250 1069 504 1469 
zan_20180725___iPhoneX___0016_646.jpg 1 zan 247 655 690 1331 
zan_20180725___iPhoneX___0018_956.jpg 1 zan 98 650 523 1224 
zan_20180725___iPhoneX___0010_401.jpg 1 zan 207 617 680 1181 
zan_20180725___iPhoneX___0018_201.jpg 1 zan 502 957 852 1364 
zan_20180725___iPhoneX___0008_201.jpg 1 zan 345 2 726 610 
zan_20180725___iPhoneX___0016_336.jpg 1 zan 369 655 997 1214 
zan_20180725___iPhoneX___0013_501.jpg 1 zan 150 705 571 1257 
zan_20180725___iPhoneX___0003_501.jpg 1 zan 569 326 750 660 
zan_20180725___iPhoneX___0017_131.jpg 1 zan 447 914 702 1338 
zan_20180725___iPhoneX___0011_821.jpg 1 zan 111 514 714 1348 
zan_20180725___iPhoneX___0017_656.jpg 1 zan 311 419 630 876 
zan_20180725___iPhoneX___0003_266.jpg 1 zan 178 164 409 598 
zan_20180725___iPhoneX___0014_781.jpg 1 zan 183 662 645 1336 
zan_20180725___iPhoneX___0016_451.jpg 1 zan 400 574 780 1288 
zan_20180725___iPhoneX___0017_871.jpg 1 zan 176 981 476 1400 
zan_20180725___iPhoneX___0008_21.jpg 1 zan 635 55 916 607 
zan_20180725___iPhoneX___0011_1016.jpg 1 zan 378 300 766 995 
zan_20180725___iPhoneX___0011_161.jpg 1 zan 388 671 757 1326 
zan_20180725___iPhoneX___0014_756.jpg 1 zan 23 779 516 1419 
zan_20180725___iPhoneX___0018_566.jpg 1 zan 626 969 933 1395 
zan_20180725___iPhoneX___0010_366.jpg 1 zan 464 776 964 1486 
zan_20180725___iPhoneX___0017_681.jpg 1 zan 571 602 835 874 
zan_20180725___iPhoneX___0010_831.jpg 1 zan 242 683 707 1279 
zan_20180725___iPhoneX___0016_121.jpg 1 zan 466 886 669 1274 
zan_20180725___iPhoneX___0003_716.jpg 1 zan 521 100 714 524 
zan_20180725___iPhoneX___0017_326.jpg 1 zan 423 629 688 1019 
zan_20180725___iPhoneX___0010_616.jpg 1 zan 104 536 523 1119 
zan_20180725___iPhoneX___0016_21.jpg 1 zan 298 308 990 1608 
zan_20180725___iPhoneX___0004_226.jpg 1 zan 492 219 716 702 
zan_20180725___iPhoneX___0011_411.jpg 1 zan 288 550 609 1079 
zan_20180725___iPhoneX___0014_226.jpg 1 zan 588 227 777 650 
zan_20180725___iPhoneX___0017_246.jpg 1 zan 521 862 790 1267 
zan_20180725___iPhoneX___0003_676.jpg 1 zan 54 164 304 650 
zan_20180725___iPhoneX___0014_391.jpg 1 zan 292 464 607 807 
zan_20180725___iPhoneX___0013_11.jpg 1 zan 392 126 666 745 
zan_20180725___iPhoneX___0014_346.jpg 1 zan 507 552 826 855 
zan_20180725___iPhoneX___0008_176.jpg 1 zan 490 55 785 619 
zan_20180725___iPhoneX___0011_571.jpg 1 zan 161 543 538 1112 
zan_20180725___iPhoneX___0018_176.jpg 1 zan 557 955 864 1362 
zan_20180725___iPhoneX___0004_346.jpg 1 zan 500 547 700 965 
zan_20180725___iPhoneX___0017_291.jpg 1 zan 457 1036 730 1438 
zan_20180725___iPhoneX___0018_1091.jpg 1 zan 595 1095 890 1479 
zan_20180725___iPhoneX___0014_811.jpg 1 zan 378 640 811 1310 
zan_20180725___iPhoneX___0016_531.jpg 1 zan 464 871 714 1233 
zan_20180725___iPhoneX___0017_736.jpg 1 zan 607 564 869 936 
zan_20180725___iPhoneX___0018_1046.jpg 1 zan 254 738 590 1302 
zan_20180725___iPhoneX___0017_61.jpg 1 zan 376 938 680 1348 
zan_20180725___iPhoneX___0017_911.jpg 1 zan 71 393 483 948 
zan_20180725___iPhoneX___0018_406.jpg 1 zan 437 919 696 1316 
zan_20180725___iPhoneX___0004_21.jpg 1 zan 269 652 476 1019 
zan_20180725___iPhoneX___0008_406.jpg 1 zan 334 610 587 973 
zan_20180725___iPhoneX___0014_146.jpg 1 zan 283 440 507 910 
zan_20180725___iPhoneX___0016_296.jpg 1 zan 50 798 311 1252 
zan_20180725___iPhoneX___0008_376.jpg 1 zan 328 626 564 998 
zan_20180725___iPhoneX___0011_771.jpg 1 zan 254 567 726 1381 
zan_20180725___iPhoneX___0010_56.jpg 1 zan 466 705 926 1207 
zan_20180725___iPhoneX___0018_376.jpg 1 zan 697 1002 1000 1390 
zan_20180725___iPhoneX___0010_576.jpg 1 zan 457 638 797 1174 
zan_20180725___iPhoneX___0011_981.jpg 1 zan 178 329 633 962 
zan_20180725___iPhoneX___0003_16.jpg 1 zan 242 133 461 495 
zan_20180725___iPhoneX___0010_81.jpg 1 zan 431 584 762 1141 
zan_20180725___iPhoneX___0004_191.jpg 1 zan 454 331 690 793 
zan_20180725___iPhoneX___0013_476.jpg 1 zan 319 552 595 1174 
zan_20180725___iPhoneX___0014_191.jpg 1 zan 321 440 530 845 
zan_20180725___iPhoneX___0016_241.jpg 1 zan 550 731 847 1348 
zan_20180725___iPhoneX___0011_956.jpg 1 zan 104 164 516 976 
zan_20180725___iPhoneX___0018_606.jpg 1 zan 505 995 782 1426 
zan_20180725___iPhoneX___0004_436.jpg 1 zan 292 519 492 907 
zan_20180725___iPhoneX___0014_436.jpg 1 zan 414 317 592 743 
zan_20180725___iPhoneX___0008_606.jpg 1 zan 523 460 795 1012 
zan_20180725___iPhoneX___0011_201.jpg 1 zan 585 748 997 1371 
zan_20180725___iPhoneX___0016_916.jpg 1 zan 278 710 511 1140 
zan_20180725___iPhoneX___0017_1111.jpg 1 zan 371 1079 704 1498 
zan_20180725___iPhoneX___0013_106.jpg 1 zan 383 281 657 871 
zan_20180725___iPhoneX___0016_731.jpg 1 zan 476 581 747 976 
zan_20180725___iPhoneX___0003_106.jpg 1 zan 40 200 352 612 
zan_20180725___iPhoneX___0017_536.jpg 1 zan 402 1005 673 1433 
zan_20180725___iPhoneX___0018_821.jpg 1 zan 215 794 575 1306 
zan_20180725___iPhoneX___0008_821.jpg 1 zan 252 676 509 1052 
zan_20180725___iPhoneX___0011_361.jpg 1 zan 421 562 721 1088 
zan_20180725___iPhoneX___0008_766.jpg 1 zan 621 633 864 1079 
zan_20180725___iPhoneX___0016_686.jpg 1 zan 59 621 426 1064 
zan_20180725___iPhoneX___0018_766.jpg 1 zan 264 950 516 1355 
zan_20180725___iPhoneX___0010_166.jpg 1 zan 652 719 980 1281 
zan_20180725___iPhoneX___0017_481.jpg 1 zan 307 1048 545 1433 
zan_20180725___iPhoneX___0017_1071.jpg 1 zan 409 1062 673 1443 
zan_20180725___iPhoneX___0011_16.jpg 1 zan 288 383 747 1114 
zan_20180725___iPhoneX___0003_6.jpg 1 zan 216 124 445 479 
zan_20180725___iPhoneX___0018_996.jpg 1 zan 638 1095 973 1533 
zan_20180725___iPhoneX___0016_1071.jpg 1 zan 304 514 621 1002 
zan_20180725___iPhoneX___0018_26.jpg 1 zan 576 929 880 1386 
zan_20180725___iPhoneX___0016_876.jpg 1 zan 359 705 616 1274 
zan_20180725___iPhoneX___0017_456.jpg 1 zan 261 1055 478 1452 
zan_20180725___iPhoneX___0016_651.jpg 1 zan 173 631 611 1286 
zan_20180725___iPhoneX___0018_941.jpg 1 zan 14 667 502 1271 
zan_20180725___iPhoneX___0010_416.jpg 1 zan 392 674 716 1238 
zan_20180725___iPhoneX___0018_216.jpg 1 zan 433 933 721 1343 
zan_20180725___iPhoneX___0011_611.jpg 1 zan 354 505 740 1174 
zan_20180725___iPhoneX___0008_216.jpg 1 zan 88 283 507 752 
zan_20180725___iPhoneX___0016_321.jpg 1 zan 187 569 515 1266 
zan_20180725___iPhoneX___0013_516.jpg 1 zan 245 688 588 1324 
zan_20180725___iPhoneX___0003_516.jpg 1 zan 750 421 985 774 
zan_20180725___iPhoneX___0017_126.jpg 1 zan 490 910 780 1317 
zan_20180725___iPhoneX___0011_836.jpg 1 zan 378 621 866 1405 
zan_20180725___iPhoneX___0017_641.jpg 1 zan 257 402 511 810 
zan_20180725___iPhoneX___0003_271.jpg 1 zan 354 0 590 460 
zan_20180725___iPhoneX___0016_446.jpg 1 zan 288 636 652 1350 
zan_20180725___iPhoneX___0014_796.jpg 1 zan 390 667 819 1333 
zan_20180725___iPhoneX___0017_866.jpg 1 zan 166 1055 469 1433 
zan_20180725___iPhoneX___0008_36.jpg 1 zan 461 276 797 712 
zan_20180725___iPhoneX___0011_176.jpg 1 zan 393 612 874 1209 
zan_20180725___iPhoneX___0014_741.jpg 1 zan 26 224 492 993 
zan_20180725___iPhoneX___0018_571.jpg 1 zan 664 976 969 1393 
zan_20180725___iPhoneX___0010_371.jpg 1 zan 423 771 871 1448 
zan_20180725___iPhoneX___0017_696.jpg 1 zan 521 471 814 881 
zan_20180725___iPhoneX___0010_826.jpg 1 zan 197 669 680 1257 
zan_20180725___iPhoneX___0016_136.jpg 1 zan 556 735 776 1162 
zan_20180725___iPhoneX___0003_701.jpg 1 zan 269 164 485 629 
zan_20180725___iPhoneX___0017_331.jpg 1 zan 492 417 785 807 
zan_20180725___iPhoneX___0010_601.jpg 1 zan 371 519 685 1138 
zan_20180725___iPhoneX___0004_231.jpg 1 zan 617 213 848 669 
zan_20180725___iPhoneX___0011_406.jpg 1 zan 307 526 592 1060 
zan_20180725___iPhoneX___0014_231.jpg 1 zan 623 107 811 548 
zan_20180725___iPhoneX___0017_251.jpg 1 zan 459 867 754 1233 
zan_20180725___iPhoneX___0003_661.jpg 1 zan 266 71 466 517 
zan_20180725___iPhoneX___0014_386.jpg 1 zan 278 460 592 810 
zan_20180725___iPhoneX___0014_351.jpg 1 zan 495 536 807 802 
zan_20180725___iPhoneX___0008_161.jpg 1 zan 423 133 690 624 
zan_20180725___iPhoneX___0011_566.jpg 1 zan 190 567 554 1136 
zan_20180725___iPhoneX___0018_161.jpg 1 zan 661 974 933 1390 
zan_20180725___iPhoneX___0004_351.jpg 1 zan 597 507 797 902 
zan_20180725___iPhoneX___0017_286.jpg 1 zan 397 981 688 1393 
zan_20180725___iPhoneX___0018_1086.jpg 1 zan 561 1100 866 1493 
zan_20180725___iPhoneX___0014_806.jpg 1 zan 385 657 819 1319 
zan_20180725___iPhoneX___0016_526.jpg 1 zan 361 843 647 1221 
zan_20180725___iPhoneX___0017_721.jpg 1 zan 652 593 897 891 
zan_20180725___iPhoneX___0018_1051.jpg 1 zan 250 729 590 1298 
zan_20180725___iPhoneX___0017_76.jpg 1 zan 388 902 690 1290 
zan_20180725___iPhoneX___0017_906.jpg 1 zan 119 419 492 943 
zan_20180725___iPhoneX___0018_411.jpg 1 zan 359 895 661 1343 
zan_20180725___iPhoneX___0008_411.jpg 1 zan 333 564 595 938 
zan_20180725___iPhoneX___0004_36.jpg 1 zan 358 548 559 929 
