20180810_iphone_green_0080_306.jpg 1 palm 435 1095 990 1352 
20180810_iphone_green_0038_101.jpg 1 palm 114 993 995 1298 
20180810_iphone_green_0007_276.jpg 1 palm 102 781 1019 1138 
20180810_iphone_green_0038_31.jpg 1 palm 211 1055 995 1286 
20180810_iphone_green_0108_51.jpg 1 palm 166 845 1059 1038 
20180810_iphone_green_0094_326.jpg 1 palm 350 429 804 645 
20180810_iphone_green_0065_276.jpg 1 palm 226 688 752 924 
20180810_iphone_green_0108_86.jpg 1 palm 326 945 892 1081 
20180810_iphone_green_0094_46.jpg 1 palm 266 857 969 1045 
20180810_iphone_green_0080_1.jpg 1 palm 245 879 990 1119 
20180810_iphone_green_0094_91.jpg 1 palm 385 638 869 767 
20180810_iphone_green_0108_131.jpg 1 palm 207 790 842 952 
20180810_iphone_green_0065_41.jpg 1 palm 2 933 990 1195 
20180810_iphone_green_0094_131.jpg 1 palm 107 805 838 1012 
20180810_iphone_green_0025_296.jpg 1 palm 169 910 890 1167 
20180810_iphone_green_0065_96.jpg 1 palm 314 833 950 1062 
20180810_iphone_green_0025_241.jpg 1 palm 95 895 1040 1362 
20180810_iphone_green_0038_276.jpg 1 palm 142 1033 878 1250 
20180810_iphone_green_0108_326.jpg 1 palm 252 674 873 829 
20180810_iphone_green_0094_496.jpg 1 palm 347 512 911 707 
20180810_iphone_green_0025_61.jpg 1 palm 40 786 959 1024 
20180810_iphone_green_0108_246.jpg 1 palm 207 695 828 840 
20180810_iphone_green_0094_521.jpg 1 palm 302 586 928 790 
20180810_iphone_green_0108_291.jpg 1 palm 247 767 859 926 
20180810_iphone_green_0065_101.jpg 1 palm 292 824 919 1057 
20180810_iphone_green_0038_316.jpg 1 palm 373 955 1064 1150 
20180810_iphone_green_0025_321.jpg 1 palm 283 795 911 988 
20180810_iphone_green_0080_311.jpg 1 palm 461 1052 992 1300 
20180810_iphone_green_0038_116.jpg 1 palm 233 981 902 1233 
20180810_iphone_green_0038_26.jpg 1 palm 150 1112 1052 1419 
20180810_iphone_green_0007_301.jpg 1 palm 76 781 992 1252 
20180810_iphone_green_0094_331.jpg 1 palm 330 445 778 652 
20180810_iphone_green_0065_261.jpg 1 palm 259 829 800 1043 
20180810_iphone_green_0108_91.jpg 1 palm 311 969 869 1090 
20180810_iphone_green_0094_51.jpg 1 palm 373 867 1009 1038 
20180810_iphone_green_0094_86.jpg 1 palm 409 740 895 869 
20180810_iphone_green_0108_126.jpg 1 palm 190 750 802 926 
20180810_iphone_green_0065_56.jpg 1 palm 95 812 1080 1064 
20180810_iphone_green_0094_126.jpg 1 palm 164 726 842 912 
20180810_iphone_green_0007_116.jpg 1 palm 176 800 1042 1055 
20180810_iphone_green_0065_81.jpg 1 palm 302 886 1080 1121 
20180810_iphone_green_0025_256.jpg 1 palm 95 924 995 1312 
20180810_iphone_green_0038_261.jpg 1 palm 247 1050 845 1274 
20180810_iphone_green_0108_331.jpg 1 palm 326 617 885 845 
20180810_iphone_green_0094_481.jpg 1 palm 252 569 852 769 
20180810_iphone_green_0108_251.jpg 1 palm 159 662 785 812 
20180810_iphone_green_0094_536.jpg 1 palm 209 579 952 824 
20180810_iphone_green_0065_466.jpg 1 palm 300 607 845 855 
20180810_iphone_green_0108_286.jpg 1 palm 207 795 807 938 
20180810_iphone_green_0065_116.jpg 1 palm 207 771 800 1019 
20180810_iphone_green_0025_336.jpg 1 palm 173 712 850 921 
20180810_iphone_green_0038_311.jpg 1 palm 266 955 995 1169 
20180810_iphone_green_0025_326.jpg 1 palm 250 764 900 950 
20180810_iphone_green_0065_106.jpg 1 palm 261 800 873 1040 
20180810_iphone_green_0108_296.jpg 1 palm 297 755 880 943 
20180810_iphone_green_0025_66.jpg 1 palm 19 848 864 1069 
20180810_iphone_green_0108_241.jpg 1 palm 264 771 842 1007 
20180810_iphone_green_0094_526.jpg 1 palm 292 595 938 814 
20180810_iphone_green_0094_491.jpg 1 palm 314 517 895 710 
20180810_iphone_green_0108_321.jpg 1 palm 221 667 838 850 
20180810_iphone_green_0065_91.jpg 1 palm 328 840 1009 1076 
20180810_iphone_green_0025_246.jpg 1 palm 102 905 1052 1364 
20180810_iphone_green_0038_271.jpg 1 palm 202 1055 880 1279 
20180810_iphone_green_0065_46.jpg 1 palm 17 905 1040 1179 
20180810_iphone_green_0094_136.jpg 1 palm 80 907 854 1126 
20180810_iphone_green_0025_291.jpg 1 palm 111 890 854 1160 
20180810_iphone_green_0094_96.jpg 1 palm 357 519 869 660 
20180810_iphone_green_0108_136.jpg 1 palm 188 821 878 983 
20180810_iphone_green_0094_41.jpg 1 palm 164 871 947 1067 
20180810_iphone_green_0080_6.jpg 1 palm 173 929 964 1186 
20180810_iphone_green_0094_321.jpg 1 palm 340 410 821 640 
20180810_iphone_green_0065_271.jpg 1 palm 219 764 764 955 
20180810_iphone_green_0108_81.jpg 1 palm 261 924 911 1071 
20180810_iphone_green_0108_56.jpg 1 palm 192 831 1042 1031 
20180810_iphone_green_0038_36.jpg 1 palm 250 1043 923 1236 
20180810_iphone_green_0038_106.jpg 1 palm 209 926 1033 1210 
20180810_iphone_green_0080_301.jpg 1 palm 400 1138 1000 1398 
20180810_iphone_green_0038_306.jpg 1 palm 150 976 897 1190 
20180810_iphone_green_0025_331.jpg 1 palm 211 757 876 962 
20180810_iphone_green_0065_111.jpg 1 palm 233 786 809 1033 
20180810_iphone_green_0108_281.jpg 1 palm 144 773 732 946 
20180810_iphone_green_0108_256.jpg 1 palm 123 621 735 810 
20180810_iphone_green_0094_531.jpg 1 palm 261 593 942 821 
20180810_iphone_green_0065_461.jpg 1 palm 330 600 871 860 
20180810_iphone_green_0080_101.jpg 1 palm 511 929 1030 1098 
20180810_iphone_green_0094_486.jpg 1 palm 297 533 876 729 
20180810_iphone_green_0108_336.jpg 1 palm 307 562 904 786 
20180810_iphone_green_0007_111.jpg 1 palm 171 864 1045 1112 
20180810_iphone_green_0065_86.jpg 1 palm 323 879 1066 1102 
20180810_iphone_green_0025_251.jpg 1 palm 100 914 1021 1340 
20180810_iphone_green_0080_36.jpg 1 palm 14 1069 1033 1412 
20180810_iphone_green_0038_266.jpg 1 palm 235 1062 890 1307 
20180810_iphone_green_0065_51.jpg 1 palm 69 852 1080 1124 
20180810_iphone_green_0094_121.jpg 1 palm 228 648 854 824 
20180810_iphone_green_0025_286.jpg 1 palm 42 869 819 1167 
20180810_iphone_green_0094_81.jpg 1 palm 440 812 923 935 
20180810_iphone_green_0108_121.jpg 1 palm 202 743 790 933 
20180810_iphone_green_0094_56.jpg 1 palm 428 874 1021 1031 
20180810_iphone_green_0094_336.jpg 1 palm 314 450 745 650 
20180810_iphone_green_0065_266.jpg 1 palm 233 807 795 1000 
20180810_iphone_green_0108_96.jpg 1 palm 338 971 845 1083 
20180810_iphone_green_0038_111.jpg 1 palm 302 960 1016 1174 
20180810_iphone_green_0080_316.jpg 1 palm 490 1010 1004 1257 
20180810_iphone_green_0038_91.jpg 1 palm 130 1112 966 1426 
20180810_iphone_green_0065_361.jpg 1 palm 423 688 966 983 
20180810_iphone_green_0025_196.jpg 1 palm 288 917 923 1112 
20180810_iphone_green_0038_46.jpg 1 palm 207 1021 764 1212 
20180810_iphone_green_0094_386.jpg 1 palm 143 455 540 592 
20180810_iphone_green_0094_351.jpg 1 palm 352 560 769 743 
20180810_iphone_green_0094_31.jpg 1 palm 2 1048 940 1371 
20180810_iphone_green_0108_146.jpg 1 palm 197 876 997 1064 
20180810_iphone_green_0080_211.jpg 1 palm 323 805 907 979 
20180810_iphone_green_0065_36.jpg 1 palm 0 950 969 1205 
20180810_iphone_green_0094_146.jpg 1 palm 38 988 923 1260 
20180810_iphone_green_0080_86.jpg 1 palm 459 1043 990 1229 
20180810_iphone_green_0007_176.jpg 1 palm 83 1071 1014 1348 
20180810_iphone_green_0080_51.jpg 1 palm 242 1100 1066 1381 
20180810_iphone_green_0038_201.jpg 1 palm 195 1217 964 1445 
20180810_iphone_green_0025_236.jpg 1 palm 109 867 1045 1329 
20180810_iphone_green_0094_191.jpg 1 palm 283 260 1007 500 
20180810_iphone_green_0108_351.jpg 1 palm 240 569 895 724 
20180810_iphone_green_0108_386.jpg 1 palm 192 279 888 510 
20180810_iphone_green_0065_406.jpg 1 palm 371 688 990 864 
20180810_iphone_green_0080_166.jpg 1 palm 314 1062 911 1298 
20180810_iphone_green_0108_231.jpg 1 palm 233 921 914 1102 
20180810_iphone_green_0007_76.jpg 1 palm 14 762 966 1088 
20180810_iphone_green_0025_356.jpg 1 palm 140 610 983 867 
20180810_iphone_green_0025_156.jpg 1 palm 109 981 797 1264 
20180810_iphone_green_0038_161.jpg 1 palm 111 1181 695 1367 
20180810_iphone_green_0038_86.jpg 1 palm 126 1090 890 1390 
20180810_iphone_green_0025_181.jpg 1 palm 264 931 864 1119 
20180810_iphone_green_0065_376.jpg 1 palm 409 700 980 919 
20180810_iphone_green_0094_226.jpg 1 palm 288 895 876 1107 
20180810_iphone_green_0038_51.jpg 1 palm 188 1064 714 1219 
20180810_iphone_green_0094_346.jpg 1 palm 311 488 742 674 
20180810_iphone_green_0094_26.jpg 1 palm 66 1100 957 1438 
20180810_iphone_green_0108_151.jpg 1 palm 214 883 1019 1071 
20180810_iphone_green_0080_206.jpg 1 palm 304 717 880 914 
20180810_iphone_green_0065_21.jpg 1 palm 180 840 1026 1064 
20180810_iphone_green_0094_151.jpg 1 palm 16 1012 940 1307 
20180810_iphone_green_0080_91.jpg 1 palm 471 1021 992 1193 
20180810_iphone_green_0007_161.jpg 1 palm 35 995 971 1252 
20180810_iphone_green_0080_46.jpg 1 palm 154 1131 1052 1429 
20180810_iphone_green_0038_216.jpg 1 palm 207 1083 742 1369 
20180810_iphone_green_0025_221.jpg 1 palm 228 838 997 1207 
20180810_iphone_green_0094_186.jpg 1 palm 195 317 966 576 
20180810_iphone_green_0108_346.jpg 1 palm 276 533 897 686 
20180810_iphone_green_0094_421.jpg 1 palm 140 679 747 876 
20180810_iphone_green_0065_1.jpg 1 palm 369 576 1080 795 
20180810_iphone_green_0094_541.jpg 1 palm 142 610 923 874 
20180810_iphone_green_0080_171.jpg 1 palm 342 1029 921 1260 
20180810_iphone_green_0065_411.jpg 1 palm 373 664 990 840 
20180810_iphone_green_0108_226.jpg 1 palm 250 893 966 1062 
20180810_iphone_green_0065_161.jpg 1 palm 233 650 942 1024 
20180810_iphone_green_0080_401.jpg 1 palm 592 667 1016 855 
20180810_iphone_green_0007_61.jpg 1 palm 114 750 1038 1105 
20180810_iphone_green_0025_341.jpg 1 palm 169 614 885 840 
20180810_iphone_green_0007_71.jpg 1 palm 38 776 976 1095 
20180810_iphone_green_0025_351.jpg 1 palm 169 557 973 802 
20180810_iphone_green_0065_171.jpg 1 palm 364 614 1045 1060 
20180810_iphone_green_0080_161.jpg 1 palm 304 1057 895 1300 
20180810_iphone_green_0065_401.jpg 1 palm 383 690 992 855 
20180810_iphone_green_0108_236.jpg 1 palm 223 869 861 1119 
20180810_iphone_green_0108_381.jpg 1 palm 192 333 888 538 
20180810_iphone_green_0108_356.jpg 1 palm 230 569 888 714 
20180810_iphone_green_0094_431.jpg 1 palm 73 802 859 1060 
20180810_iphone_green_0007_171.jpg 1 palm 61 1043 1002 1319 
20180810_iphone_green_0080_56.jpg 1 palm 321 1086 1078 1343 
20180810_iphone_green_0038_206.jpg 1 palm 223 1210 930 1438 
20180810_iphone_green_0025_231.jpg 1 palm 159 812 1026 1243 
20180810_iphone_green_0094_196.jpg 1 palm 340 240 1026 476 
20180810_iphone_green_0065_31.jpg 1 palm 61 943 980 1181 
20180810_iphone_green_0080_81.jpg 1 palm 457 1057 1004 1252 
20180810_iphone_green_0108_141.jpg 1 palm 228 845 940 1021 
20180810_iphone_green_0080_216.jpg 1 palm 347 929 928 1098 
20180810_iphone_green_0094_36.jpg 1 palm 40 929 923 1176 
20180810_iphone_green_0094_356.jpg 1 palm 400 605 809 776 
20180810_iphone_green_0094_381.jpg 1 palm 192 471 590 614 
20180810_iphone_green_0025_191.jpg 1 palm 288 926 907 1100 
20180810_iphone_green_0065_366.jpg 1 palm 400 705 957 943 
20180810_iphone_green_0038_41.jpg 1 palm 238 1021 840 1202 
20180810_iphone_green_0038_96.jpg 1 palm 116 1117 988 1376 
20180810_iphone_green_0007_66.jpg 1 palm 54 767 995 1114 
20180810_iphone_green_0025_346.jpg 1 palm 169 564 928 798 
20180810_iphone_green_0065_166.jpg 1 palm 278 619 992 1033 
20180810_iphone_green_0065_416.jpg 1 palm 380 631 983 836 
20180810_iphone_green_0080_176.jpg 1 palm 366 926 964 1164 
20180810_iphone_green_0108_221.jpg 1 palm 254 733 1004 979 
20180810_iphone_green_0065_6.jpg 1 palm 340 590 1080 805 
20180810_iphone_green_0108_341.jpg 1 palm 280 521 904 681 
20180810_iphone_green_0094_426.jpg 1 palm 119 721 811 952 
20180810_iphone_green_0007_166.jpg 1 palm 35 1033 992 1302 
20180810_iphone_green_0080_41.jpg 1 palm 64 1105 1050 1436 
20180810_iphone_green_0038_211.jpg 1 palm 221 1140 861 1395 
20180810_iphone_green_0025_226.jpg 1 palm 192 819 1002 1217 
20180810_iphone_green_0065_26.jpg 1 palm 116 905 1000 1133 
20180810_iphone_green_0080_96.jpg 1 palm 478 986 1007 1171 
20180810_iphone_green_0108_156.jpg 1 palm 150 914 1033 1100 
20180810_iphone_green_0080_201.jpg 1 palm 297 676 869 874 
20180810_iphone_green_0094_21.jpg 1 palm 104 1088 961 1412 
20180810_iphone_green_0094_341.jpg 1 palm 316 452 735 645 
20180810_iphone_green_0094_396.jpg 1 palm 119 522 518 654 
20180810_iphone_green_0065_371.jpg 1 palm 402 693 969 921 
20180810_iphone_green_0025_186.jpg 1 palm 285 931 885 1110 
20180810_iphone_green_0094_221.jpg 1 palm 328 902 907 1112 
20180810_iphone_green_0038_56.jpg 1 palm 145 1095 673 1269 
20180810_iphone_green_0038_81.jpg 1 palm 123 1069 821 1307 
20180810_iphone_green_0080_436.jpg 1 palm 200 848 755 1038 
20180810_iphone_green_0065_156.jpg 1 palm 195 693 883 1019 
20180810_iphone_green_0007_81.jpg 1 palm 40 764 1000 1060 
20180810_iphone_green_0080_191.jpg 1 palm 347 671 919 900 
20180810_iphone_green_0065_426.jpg 1 palm 407 614 961 848 
20180810_iphone_green_0080_146.jpg 1 palm 357 960 923 1176 
20180810_iphone_green_0025_36.jpg 1 palm 57 638 1080 921 
20180810_iphone_green_0094_416.jpg 1 palm 142 637 663 819 
20180810_iphone_green_0108_371.jpg 1 palm 192 429 873 583 
20180810_iphone_green_0025_216.jpg 1 palm 247 862 988 1181 
20180810_iphone_green_0038_221.jpg 1 palm 200 1081 697 1357 
20180810_iphone_green_0007_156.jpg 1 palm 52 943 980 1183 
20180810_iphone_green_0065_16.jpg 1 palm 233 767 1054 988 
20180810_iphone_green_0007_181.jpg 1 palm 97 1090 1035 1374 
20180810_iphone_green_0080_231.jpg 1 palm 430 1048 1035 1250 
20180810_iphone_green_0108_166.jpg 1 palm 64 881 1059 1179 
20180810_iphone_green_0094_6.jpg 1 palm 219 976 983 1217 
20180810_iphone_green_0094_11.jpg 1 palm 188 998 978 1264 
20180810_iphone_green_0094_371.jpg 1 palm 290 571 742 719 
20180810_iphone_green_0038_66.jpg 1 palm 133 1126 683 1286 
20180810_iphone_green_0094_211.jpg 1 palm 366 562 976 771 
20180810_iphone_green_0038_181.jpg 1 palm 109 1052 897 1412 
20180810_iphone_green_0007_221.jpg 1 palm 135 707 1023 967 
20180810_iphone_green_0038_156.jpg 1 palm 114 1200 678 1388 
20180810_iphone_green_0065_396.jpg 1 palm 400 695 990 871 
20180810_iphone_green_0025_161.jpg 1 palm 173 955 797 1212 
20180810_iphone_green_0080_386.jpg 1 palm 557 643 997 848 
20180810_iphone_green_0038_356.jpg 1 palm 169 924 695 1114 
20180810_iphone_green_0025_361.jpg 1 palm 97 698 992 960 
20180810_iphone_green_0007_41.jpg 1 palm 107 902 1047 1240 
20180810_iphone_green_0065_141.jpg 1 palm 152 817 819 1000 
20180810_iphone_green_0080_421.jpg 1 palm 366 588 890 779 
20180810_iphone_green_0080_186.jpg 1 palm 371 693 950 929 
20180810_iphone_green_0080_151.jpg 1 palm 326 1007 900 1240 
20180810_iphone_green_0065_431.jpg 1 palm 407 598 950 850 
20180810_iphone_green_0094_401.jpg 1 palm 116 528 518 665 
20180810_iphone_green_0108_366.jpg 1 palm 204 471 864 626 
20180810_iphone_green_0025_201.jpg 1 palm 283 917 938 1126 
20180810_iphone_green_0038_236.jpg 1 palm 152 1110 640 1267 
20180810_iphone_green_0007_141.jpg 1 palm 138 695 1019 902 
20180810_iphone_green_0080_226.jpg 1 palm 400 1043 997 1231 
20180810_iphone_green_0094_366.jpg 1 palm 395 619 821 767 
20180810_iphone_green_0038_71.jpg 1 palm 140 1064 714 1250 
20180810_iphone_green_0065_356.jpg 1 palm 435 686 980 1014 
20180810_iphone_green_0094_206.jpg 1 palm 385 376 1014 602 
20180810_iphone_green_0038_196.jpg 1 palm 147 1160 971 1433 
20180810_iphone_green_0007_236.jpg 1 palm 140 507 1021 781 
20180810_iphone_green_0038_141.jpg 1 palm 128 1038 647 1226 
20180810_iphone_green_0025_176.jpg 1 palm 250 929 838 1131 
20180810_iphone_green_0065_381.jpg 1 palm 426 721 995 917 
20180810_iphone_green_0025_406.jpg 1 palm 121 636 778 829 
20180810_iphone_green_0080_391.jpg 1 palm 569 633 995 836 
20180810_iphone_green_0080_381.jpg 1 palm 538 664 1011 879 
20180810_iphone_green_0007_226.jpg 1 palm 159 560 1054 857 
20180810_iphone_green_0038_151.jpg 1 palm 133 1174 666 1345 
20180810_iphone_green_0025_166.jpg 1 palm 204 938 797 1179 
20180810_iphone_green_0065_391.jpg 1 palm 416 714 1002 902 
20180810_iphone_green_0038_61.jpg 1 palm 130 1110 669 1310 
20180810_iphone_green_0065_346.jpg 1 palm 435 721 938 1069 
20180810_iphone_green_0094_216.jpg 1 palm 354 743 930 957 
20180810_iphone_green_0038_186.jpg 1 palm 107 1026 885 1445 
20180810_iphone_green_0094_376.jpg 1 palm 250 507 664 655 
20180810_iphone_green_0094_1.jpg 1 palm 307 936 995 1167 
20180810_iphone_green_0094_16.jpg 1 palm 154 1048 978 1338 
20180810_iphone_green_0108_161.jpg 1 palm 97 921 1061 1181 
20180810_iphone_green_0007_186.jpg 1 palm 126 1129 1054 1417 
20180810_iphone_green_0025_211.jpg 1 palm 266 902 980 1171 
20180810_iphone_green_0080_76.jpg 1 palm 464 1060 1030 1245 
20180810_iphone_green_0038_226.jpg 1 palm 164 1095 671 1329 
20180810_iphone_green_0007_151.jpg 1 palm 92 867 1007 1083 
20180810_iphone_green_0094_411.jpg 1 palm 119 598 583 757 
20180810_iphone_green_0108_376.jpg 1 palm 190 388 880 548 
20180810_iphone_green_0108_216.jpg 1 palm 304 543 1057 893 
20180810_iphone_green_0080_141.jpg 1 palm 378 910 942 1105 
20180810_iphone_green_0065_421.jpg 1 palm 392 621 983 833 
20180810_iphone_green_0025_31.jpg 1 palm 23 705 1052 983 
20180810_iphone_green_0080_196.jpg 1 palm 307 679 880 883 
20180810_iphone_green_0065_151.jpg 1 palm 176 738 857 1002 
20180810_iphone_green_0080_431.jpg 1 palm 226 767 764 962 
20180810_iphone_green_0007_86.jpg 1 palm 78 781 1040 1083 
20180810_iphone_green_0025_401.jpg 1 palm 92 593 788 798 
20180810_iphone_green_0080_396.jpg 1 palm 580 640 1004 826 
20180810_iphone_green_0007_231.jpg 1 palm 164 533 1057 812 
20180810_iphone_green_0038_146.jpg 1 palm 135 1098 654 1262 
20180810_iphone_green_0065_386.jpg 1 palm 433 719 1007 914 
20180810_iphone_green_0025_171.jpg 1 palm 235 929 811 1143 
20180810_iphone_green_0038_76.jpg 1 palm 142 1060 757 1255 
20180810_iphone_green_0065_351.jpg 1 palm 433 702 969 1057 
20180810_iphone_green_0094_201.jpg 1 palm 378 271 1026 495 
20180810_iphone_green_0038_191.jpg 1 palm 121 1024 892 1429 
20180810_iphone_green_0094_361.jpg 1 palm 419 621 852 781 
20180810_iphone_green_0080_221.jpg 1 palm 378 1010 966 1186 
20180810_iphone_green_0025_206.jpg 1 palm 283 905 959 1133 
20180810_iphone_green_0038_231.jpg 1 palm 166 1131 661 1295 
20180810_iphone_green_0007_146.jpg 1 palm 128 776 1023 983 
20180810_iphone_green_0094_406.jpg 1 palm 102 555 533 700 
20180810_iphone_green_0108_361.jpg 1 palm 190 519 873 667 
20180810_iphone_green_0065_436.jpg 1 palm 400 593 933 843 
20180810_iphone_green_0080_156.jpg 1 palm 314 1040 892 1276 
20180810_iphone_green_0080_181.jpg 1 palm 383 786 969 1031 
20180810_iphone_green_0080_426.jpg 1 palm 276 650 797 831 
20180810_iphone_green_0065_146.jpg 1 palm 161 776 830 1000 
20180810_iphone_green_0038_351.jpg 1 palm 197 907 692 1079 
20180810_iphone_green_0025_366.jpg 1 palm 61 819 1050 1100 
20180810_iphone_green_0025_301.jpg 1 palm 221 924 895 1155 
20180810_iphone_green_0038_336.jpg 1 palm 304 893 845 1062 
20180810_iphone_green_0065_121.jpg 1 palm 190 769 780 1014 
20180810_iphone_green_0025_96.jpg 1 palm 24 926 745 1138 
20180810_iphone_green_0094_501.jpg 1 palm 354 510 916 705 
20180810_iphone_green_0065_451.jpg 1 palm 407 579 907 862 
20180810_iphone_green_0108_266.jpg 1 palm 40 707 654 948 
20180810_iphone_green_0025_41.jpg 1 palm 71 569 1076 855 
20180810_iphone_green_0094_461.jpg 1 palm 35 669 859 948 
20180810_iphone_green_0038_256.jpg 1 palm 209 1079 771 1233 
20180810_iphone_green_0007_121.jpg 1 palm 130 724 1014 971 
20180810_iphone_green_0094_111.jpg 1 palm 307 521 871 676 
20180810_iphone_green_0038_281.jpg 1 palm 109 1007 880 1248 
20180810_iphone_green_0065_61.jpg 1 palm 107 831 1059 1102 
20180810_iphone_green_0108_111.jpg 1 palm 279 895 819 1018 
20180810_iphone_green_0094_66.jpg 1 palm 478 874 983 1010 
20180810_iphone_green_0094_306.jpg 1 palm 269 521 873 786 
20180810_iphone_green_0065_256.jpg 1 palm 288 831 802 1064 
20180810_iphone_green_0108_71.jpg 1 palm 185 883 969 1064 
20180810_iphone_green_0065_281.jpg 1 palm 276 614 750 886 
20180810_iphone_green_0007_281.jpg 1 palm 45 864 973 1233 
20180810_iphone_green_0007_256.jpg 1 palm 38 721 988 1010 
20180810_iphone_green_0025_316.jpg 1 palm 292 838 928 1036 
20180810_iphone_green_0038_321.jpg 1 palm 430 926 1080 1126 
20180810_iphone_green_0007_36.jpg 1 palm 88 960 1035 1310 
20180810_iphone_green_0065_136.jpg 1 palm 154 833 809 1005 
20180810_iphone_green_0094_516.jpg 1 palm 307 564 923 771 
20180810_iphone_green_0065_446.jpg 1 palm 400 581 923 855 
20180810_iphone_green_0108_271.jpg 1 palm 47 638 604 960 
20180810_iphone_green_0025_56.jpg 1 palm 59 683 1050 926 
20180810_iphone_green_0094_476.jpg 1 palm 200 595 833 807 
20180810_iphone_green_0080_11.jpg 1 palm 80 993 933 1252 
20180810_iphone_green_0038_241.jpg 1 palm 171 1067 635 1229 
20180810_iphone_green_0007_136.jpg 1 palm 128 679 1009 895 
20180810_iphone_green_0094_106.jpg 1 palm 350 481 885 636 
20180810_iphone_green_0065_76.jpg 1 palm 250 886 1078 1129 
20180810_iphone_green_0108_106.jpg 1 palm 278 948 809 1079 
20180810_iphone_green_0094_71.jpg 1 palm 473 875 959 1002 
20180810_iphone_green_0094_311.jpg 1 palm 242 448 823 712 
20180810_iphone_green_0065_241.jpg 1 palm 366 731 795 1005 
20180810_iphone_green_0108_66.jpg 1 palm 150 850 988 1033 
20180810_iphone_green_0007_241.jpg 1 palm 66 519 976 807 
20180810_iphone_green_0038_136.jpg 1 palm 150 1081 669 1248 
20180810_iphone_green_0080_321.jpg 1 palm 514 964 1019 1176 
20180810_iphone_green_0108_76.jpg 1 palm 273 907 945 1064 
20180810_iphone_green_0065_286.jpg 1 palm 307 579 750 871 
20180810_iphone_green_0094_301.jpg 1 palm 250 588 914 852 
20180810_iphone_green_0065_251.jpg 1 palm 332 798 809 1052 
20180810_iphone_green_0094_61.jpg 1 palm 464 867 1002 1010 
20180810_iphone_green_0080_296.jpg 1 palm 383 1150 1033 1455 
20180810_iphone_green_0108_116.jpg 1 palm 245 814 814 952 
20180810_iphone_green_0094_116.jpg 1 palm 278 581 861 745 
20180810_iphone_green_0038_286.jpg 1 palm 100 1026 897 1245 
20180810_iphone_green_0065_66.jpg 1 palm 142 857 1080 1102 
20180810_iphone_green_0038_251.jpg 1 palm 197 1052 709 1219 
20180810_iphone_green_0007_126.jpg 1 palm 104 690 978 933 
20180810_iphone_green_0094_466.jpg 1 palm 104 650 838 893 
20180810_iphone_green_0094_506.jpg 1 palm 335 510 919 705 
20180810_iphone_green_0080_136.jpg 1 palm 438 793 990 974 
20180810_iphone_green_0065_456.jpg 1 palm 373 586 892 864 
20180810_iphone_green_0108_261.jpg 1 palm 116 662 690 874 
20180810_iphone_green_0025_46.jpg 1 palm 97 545 1073 831 
20180810_iphone_green_0025_91.jpg 1 palm 45 948 738 1138 
20180810_iphone_green_0065_126.jpg 1 palm 178 798 785 983 
20180810_iphone_green_0025_306.jpg 1 palm 269 929 919 1152 
20180810_iphone_green_0038_331.jpg 1 palm 383 900 954 1112 
20180810_iphone_green_0007_246.jpg 1 palm 23 510 954 819 
20180810_iphone_green_0038_131.jpg 1 palm 147 1083 700 1298 
20180810_iphone_green_0108_61.jpg 1 palm 147 824 1014 1014 
20180810_iphone_green_0094_316.jpg 1 palm 290 407 823 660 
20180810_iphone_green_0065_246.jpg 1 palm 357 769 802 1029 
20180810_iphone_green_0094_76.jpg 1 palm 469 852 930 981 
20180810_iphone_green_0108_101.jpg 1 palm 290 969 819 1083 
20180810_iphone_green_0094_101.jpg 1 palm 361 476 880 624 
20180810_iphone_green_0065_71.jpg 1 palm 188 874 1078 1107 
20180810_iphone_green_0038_246.jpg 1 palm 178 1038 659 1224 
20180810_iphone_green_0007_131.jpg 1 palm 107 695 983 910 
20180810_iphone_green_0094_471.jpg 1 palm 152 633 816 855 
20180810_iphone_green_0094_511.jpg 1 palm 328 529 923 729 
20180810_iphone_green_0065_441.jpg 1 palm 397 590 923 855 
20180810_iphone_green_0108_276.jpg 1 palm 83 669 642 931 
20180810_iphone_green_0025_51.jpg 1 palm 88 564 1078 862 
20180810_iphone_green_0025_86.jpg 1 palm 30 960 695 1138 
20180810_iphone_green_0065_131.jpg 1 palm 166 824 802 995 
20180810_iphone_green_0025_311.jpg 1 palm 292 890 923 1095 
20180810_iphone_green_0038_326.jpg 1 palm 442 898 1064 1112 
