20180810_iphone_green_0083_206.jpg 1 one 340 574 771 1498 
20180810_iphone_green_0054_426.jpg 1 one 445 543 824 1256 
20180810_iphone_green_0041_41.jpg 1 one 149 377 826 1650 
20180810_iphone_green_0041_211.jpg 1 one 550 381 954 1064 
20180810_iphone_green_0041_96.jpg 1 one 403 473 746 1121 
20180810_iphone_green_0001_596.jpg 1 one 114 340 688 1457 
20180810_iphone_green_0054_156.jpg 1 one 446 824 773 1463 
20180810_iphone_green_0027_231.jpg 1 one 464 745 921 1521 
20180810_iphone_green_0068_321.jpg 1 one 628 569 883 1071 
20180810_iphone_green_0054_181.jpg 1 one 460 738 852 1452 
20180810_iphone_green_0001_541.jpg 1 one 281 334 734 1300 
20180810_iphone_green_0027_6.jpg 1 one 466 873 858 1487 
20180810_iphone_green_0068_296.jpg 1 one 457 596 813 1285 
20180810_iphone_green_0097_226.jpg 1 one 414 877 650 1410 
20180810_iphone_green_0083_76.jpg 1 one 372 831 574 1263 
20180810_iphone_green_0001_61.jpg 1 one 104 512 647 1560 
20180810_iphone_green_0068_241.jpg 1 one 428 390 852 1262 
20180810_iphone_green_0001_421.jpg 1 one 285 681 721 1495 
20180810_iphone_green_0014_216.jpg 1 one 78 693 633 1626 
20180810_iphone_green_0027_71.jpg 1 one 372 936 802 1634 
20180810_iphone_green_0083_366.jpg 1 one 277 502 496 945 
20180810_iphone_green_0001_186.jpg 1 one 317 550 926 1805 
20180810_iphone_green_0001_151.jpg 1 one 240 550 779 1675 
20180810_iphone_green_0027_146.jpg 1 one 416 819 852 1512 
20180810_iphone_green_0054_221.jpg 1 one 466 610 885 1376 
20180810_iphone_green_0027_191.jpg 1 one 445 700 954 1539 
20180810_iphone_green_0001_346.jpg 1 one 231 422 793 1586 
20180810_iphone_green_0001_391.jpg 1 one 126 350 717 1650 
20180810_iphone_green_0041_166.jpg 1 one 154 314 958 1682 
20180810_iphone_green_0097_16.jpg 1 one 42 567 600 1626 
20180810_iphone_green_0054_61.jpg 1 one 319 750 797 1648 
20180810_iphone_green_0001_226.jpg 1 one 337 481 918 1722 
20180810_iphone_green_0054_396.jpg 1 one 619 557 920 1190 
20180810_iphone_green_0014_161.jpg 1 one 335 614 754 1474 
20180810_iphone_green_0014_96.jpg 1 one 85 605 583 1560 
20180810_iphone_green_0097_186.jpg 1 one 473 733 778 1305 
20180810_iphone_green_0054_341.jpg 1 one 478 529 859 1229 
20180810_iphone_green_0097_151.jpg 1 one 157 652 890 1383 
20180810_iphone_green_0083_211.jpg 1 one 314 519 730 1421 
20180810_iphone_green_0054_431.jpg 1 one 411 469 814 1243 
20180810_iphone_green_0041_56.jpg 1 one 208 314 935 1755 
20180810_iphone_green_0041_206.jpg 1 one 554 469 942 1155 
20180810_iphone_green_0041_81.jpg 1 one 134 431 674 1403 
20180810_iphone_green_0001_581.jpg 1 one 112 412 671 1497 
20180810_iphone_green_0054_141.jpg 1 one 519 674 814 1283 
20180810_iphone_green_0027_226.jpg 1 one 426 743 864 1502 
20180810_iphone_green_0068_336.jpg 1 one 577 612 830 1115 
20180810_iphone_green_0054_196.jpg 1 one 452 721 876 1479 
20180810_iphone_green_0001_556.jpg 1 one 290 389 768 1390 
20180810_iphone_green_0001_6.jpg 1 one 152 584 756 1622 
20180810_iphone_green_0068_281.jpg 1 one 464 662 826 1352 
20180810_iphone_green_0097_231.jpg 1 one 396 863 663 1448 
20180810_iphone_green_0083_61.jpg 1 one 261 694 555 1307 
20180810_iphone_green_0001_76.jpg 1 one 150 481 609 1450 
20180810_iphone_green_0068_256.jpg 1 one 507 781 904 1550 
20180810_iphone_green_0001_436.jpg 1 one 347 690 730 1412 
20180810_iphone_green_0014_201.jpg 1 one 100 698 659 1612 
20180810_iphone_green_0027_66.jpg 1 one 364 938 798 1634 
20180810_iphone_green_0083_371.jpg 1 one 267 482 503 947 
20180810_iphone_green_0001_191.jpg 1 one 340 569 946 1822 
20180810_iphone_green_0041_366.jpg 1 one 500 579 1078 1543 
20180810_iphone_green_0001_146.jpg 1 one 237 550 771 1672 
20180810_iphone_green_0001_621.jpg 1 one 78 531 628 1616 
20180810_iphone_green_0027_151.jpg 1 one 446 823 898 1542 
20180810_iphone_green_0054_236.jpg 1 one 640 545 950 1155 
20180810_iphone_green_0041_401.jpg 1 one 358 391 1080 1732 
20180810_iphone_green_0027_186.jpg 1 one 476 724 942 1545 
20180810_iphone_green_0068_16.jpg 1 one 321 557 752 1455 
20180810_iphone_green_0001_351.jpg 1 one 181 397 767 1602 
20180810_iphone_green_0041_171.jpg 1 one 193 397 893 1594 
20180810_iphone_green_0001_386.jpg 1 one 90 328 702 1662 
20180810_iphone_green_0054_76.jpg 1 one 302 756 809 1669 
20180810_iphone_green_0001_231.jpg 1 one 352 472 934 1712 
20180810_iphone_green_0014_176.jpg 1 one 266 721 757 1562 
20180810_iphone_green_0054_381.jpg 1 one 609 469 1006 1278 
20180810_iphone_green_0014_81.jpg 1 one 142 660 500 1393 
20180810_iphone_green_0097_191.jpg 1 one 484 821 757 1323 
20180810_iphone_green_0041_561.jpg 1 one 571 564 892 1198 
20180810_iphone_green_0054_356.jpg 1 one 354 464 790 1302 
20180810_iphone_green_0097_146.jpg 1 one 250 790 950 1462 
20180810_iphone_green_0014_56.jpg 1 one 318 503 859 1619 
20180810_iphone_green_0041_571.jpg 1 one 571 544 875 1144 
20180810_iphone_green_0054_346.jpg 1 one 416 521 822 1262 
20180810_iphone_green_0097_156.jpg 1 one 61 588 678 1362 
20180810_iphone_green_0014_166.jpg 1 one 347 629 792 1512 
20180810_iphone_green_0054_391.jpg 1 one 676 524 1001 1201 
20180810_iphone_green_0014_91.jpg 1 one 92 614 535 1493 
20180810_iphone_green_0097_181.jpg 1 one 419 662 802 1331 
20180810_iphone_green_0001_221.jpg 1 one 321 503 918 1734 
20180810_iphone_green_0041_161.jpg 1 one 163 277 992 1724 
20180810_iphone_green_0001_396.jpg 1 one 165 406 756 1653 
20180810_iphone_green_0097_11.jpg 1 one 99 634 628 1622 
20180810_iphone_green_0054_66.jpg 1 one 306 706 812 1659 
20180810_iphone_green_0001_341.jpg 1 one 252 423 799 1574 
20180810_iphone_green_0054_226.jpg 1 one 561 560 933 1286 
20180810_iphone_green_0027_196.jpg 1 one 419 707 921 1538 
20180810_iphone_green_0001_631.jpg 1 one 31 491 556 1566 
20180810_iphone_green_0027_141.jpg 1 one 406 795 846 1467 
20180810_iphone_green_0001_156.jpg 1 one 262 562 796 1678 
20180810_iphone_green_0083_361.jpg 1 one 278 496 496 933 
20180810_iphone_green_0001_181.jpg 1 one 322 564 917 1793 
20180810_iphone_green_0068_246.jpg 1 one 454 536 861 1374 
20180810_iphone_green_0001_426.jpg 1 one 304 669 723 1460 
20180810_iphone_green_0014_211.jpg 1 one 92 731 723 1605 
20180810_iphone_green_0027_76.jpg 1 one 394 948 801 1626 
20180810_iphone_green_0068_291.jpg 1 one 442 610 804 1309 
20180810_iphone_green_0027_1.jpg 1 one 455 871 836 1475 
20180810_iphone_green_0097_221.jpg 1 one 413 911 628 1393 
20180810_iphone_green_0083_71.jpg 1 one 330 793 547 1253 
20180810_iphone_green_0001_66.jpg 1 one 138 505 614 1505 
20180810_iphone_green_0027_236.jpg 1 one 511 726 950 1526 
20180810_iphone_green_0068_326.jpg 1 one 613 577 852 1062 
20180810_iphone_green_0054_186.jpg 1 one 440 724 845 1455 
20180810_iphone_green_0001_546.jpg 1 one 262 309 728 1300 
20180810_iphone_green_0097_341.jpg 1 one 92 662 492 1566 
20180810_iphone_green_0001_591.jpg 1 one 143 366 718 1484 
20180810_iphone_green_0054_151.jpg 1 one 461 807 776 1431 
20180810_iphone_green_0041_91.jpg 1 one 305 463 702 1179 
20180810_iphone_green_0083_201.jpg 1 one 388 588 816 1495 
20180810_iphone_green_0054_421.jpg 1 one 509 602 842 1248 
20180810_iphone_green_0041_46.jpg 1 one 190 395 899 1718 
20180810_iphone_green_0041_216.jpg 1 one 533 379 950 1100 
20180810_iphone_green_0041_566.jpg 1 one 599 575 890 1183 
20180810_iphone_green_0054_351.jpg 1 one 364 495 790 1288 
20180810_iphone_green_0097_141.jpg 1 one 302 945 923 1586 
20180810_iphone_green_0014_51.jpg 1 one 395 450 1034 1732 
20180810_iphone_green_0054_386.jpg 1 one 671 490 1035 1229 
20180810_iphone_green_0014_171.jpg 1 one 357 674 823 1531 
20180810_iphone_green_0014_86.jpg 1 one 116 645 511 1440 
20180810_iphone_green_0097_196.jpg 1 one 480 854 726 1343 
20180810_iphone_green_0001_236.jpg 1 one 390 494 958 1696 
20180810_iphone_green_0001_381.jpg 1 one 65 306 687 1656 
20180810_iphone_green_0041_176.jpg 1 one 268 475 846 1497 
20180810_iphone_green_0054_71.jpg 1 one 296 705 809 1664 
20180810_iphone_green_0068_11.jpg 1 one 347 574 776 1424 
20180810_iphone_green_0001_356.jpg 1 one 134 369 737 1616 
20180810_iphone_green_0054_231.jpg 1 one 628 535 963 1210 
20180810_iphone_green_0041_406.jpg 1 one 371 378 1080 1744 
20180810_iphone_green_0027_181.jpg 1 one 419 771 911 1552 
20180810_iphone_green_0001_626.jpg 1 one 33 531 559 1607 
20180810_iphone_green_0027_156.jpg 1 one 454 819 897 1548 
20180810_iphone_green_0001_141.jpg 1 one 237 566 765 1659 
20180810_iphone_green_0083_376.jpg 1 one 255 458 506 963 
20180810_iphone_green_0041_361.jpg 1 one 478 633 1016 1483 
20180810_iphone_green_0001_196.jpg 1 one 322 564 935 1823 
20180810_iphone_green_0068_251.jpg 1 one 488 686 897 1490 
20180810_iphone_green_0001_431.jpg 1 one 326 679 726 1421 
20180810_iphone_green_0014_206.jpg 1 one 108 738 735 1614 
20180810_iphone_green_0027_61.jpg 1 one 386 938 813 1631 
20180810_iphone_green_0001_1.jpg 1 one 157 567 757 1602 
20180810_iphone_green_0068_286.jpg 1 one 442 619 807 1319 
20180810_iphone_green_0097_236.jpg 1 one 353 842 655 1473 
20180810_iphone_green_0083_66.jpg 1 one 306 746 553 1262 
20180810_iphone_green_0001_71.jpg 1 one 145 484 615 1477 
20180810_iphone_green_0027_221.jpg 1 one 404 731 845 1479 
20180810_iphone_green_0068_331.jpg 1 one 591 594 832 1089 
20180810_iphone_green_0054_191.jpg 1 one 445 726 852 1462 
20180810_iphone_green_0001_551.jpg 1 one 276 352 759 1355 
20180810_iphone_green_0001_586.jpg 1 one 145 391 722 1495 
20180810_iphone_green_0054_146.jpg 1 one 492 752 792 1369 
20180810_iphone_green_0041_86.jpg 1 one 219 467 676 1286 
20180810_iphone_green_0083_216.jpg 1 one 309 479 680 1288 
20180810_iphone_green_0054_436.jpg 1 one 345 398 769 1238 
20180810_iphone_green_0041_51.jpg 1 one 209 359 959 1756 
20180810_iphone_green_0041_201.jpg 1 one 535 504 920 1202 
20180810_iphone_green_0083_271.jpg 1 one 328 569 669 1302 
20180810_iphone_green_0041_36.jpg 1 one 152 353 814 1591 
20180810_iphone_green_0041_266.jpg 1 one 265 531 890 1644 
20180810_iphone_green_0054_451.jpg 1 one 264 343 733 1231 
20180810_iphone_green_0068_381.jpg 1 one 228 483 586 1137 
20180810_iphone_green_0027_291.jpg 1 one 433 750 978 1655 
20180810_iphone_green_0097_331.jpg 1 one 294 667 613 1377 
20180810_iphone_green_0054_121.jpg 1 one 575 658 853 1231 
20180810_iphone_green_0027_246.jpg 1 one 516 690 930 1479 
20180810_iphone_green_0068_356.jpg 1 one 367 637 669 1242 
20180810_iphone_green_0001_536.jpg 1 one 321 376 771 1321 
20180810_iphone_green_0014_301.jpg 1 one 132 683 405 1212 
20180810_iphone_green_0097_251.jpg 1 one 199 781 589 1690 
20180810_iphone_green_0001_481.jpg 1 one 416 521 811 1319 
20180810_iphone_green_0001_16.jpg 1 one 130 548 754 1631 
20180810_iphone_green_0068_236.jpg 1 one 414 217 852 1121 
20180810_iphone_green_0097_286.jpg 1 one 478 705 743 1321 
20180810_iphone_green_0014_261.jpg 1 one 245 512 730 1493 
20180810_iphone_green_0001_456.jpg 1 one 364 793 716 1520 
20180810_iphone_green_0083_311.jpg 1 one 115 634 671 1653 
20180810_iphone_green_0041_306.jpg 1 one 307 445 800 1236 
20180810_iphone_green_0001_126.jpg 1 one 226 588 719 1612 
20180810_iphone_green_0054_281.jpg 1 one 385 548 766 1293 
20180810_iphone_green_0027_131.jpg 1 one 430 840 814 1474 
20180810_iphone_green_0054_256.jpg 1 one 569 657 859 1233 
20180810_iphone_green_0001_331.jpg 1 one 252 441 771 1538 
20180810_iphone_green_0068_76.jpg 1 one 122 332 785 1612 
20180810_iphone_green_0041_111.jpg 1 one 674 556 1006 1129 
20180810_iphone_green_0097_61.jpg 1 one 278 692 1006 1750 
20180810_iphone_green_0083_106.jpg 1 one 259 478 709 1438 
20180810_iphone_green_0054_16.jpg 1 one 615 750 942 1367 
20180810_iphone_green_0001_286.jpg 1 one 368 534 865 1594 
20180810_iphone_green_0083_1.jpg 1 one 95 655 538 1488 
20180810_iphone_green_0054_336.jpg 1 one 533 519 897 1207 
20180810_iphone_green_0041_501.jpg 1 one 399 432 965 1650 
20180810_iphone_green_0068_196.jpg 1 one 102 294 665 1456 
20180810_iphone_green_0097_126.jpg 1 one 542 1033 866 1660 
20180810_iphone_green_0083_266.jpg 1 one 348 510 671 1207 
20180810_iphone_green_0041_21.jpg 1 one 209 512 865 1662 
20180810_iphone_green_0041_271.jpg 1 one 218 494 893 1662 
20180810_iphone_green_0054_446.jpg 1 one 284 355 738 1237 
20180810_iphone_green_0068_396.jpg 1 one 350 600 709 1279 
20180810_iphone_green_0027_286.jpg 1 one 445 743 983 1645 
20180810_iphone_green_0097_326.jpg 1 one 346 655 609 1284 
20180810_iphone_green_0054_136.jpg 1 one 542 592 825 1188 
20180810_iphone_green_0027_251.jpg 1 one 495 669 928 1460 
20180810_iphone_green_0068_341.jpg 1 one 543 642 807 1167 
20180810_iphone_green_0001_521.jpg 1 one 426 333 864 1176 
20180810_iphone_green_0014_316.jpg 1 one 221 671 515 1225 
20180810_iphone_green_0097_246.jpg 1 one 250 805 626 1619 
20180810_iphone_green_0001_496.jpg 1 one 416 379 814 1138 
20180810_iphone_green_0068_221.jpg 1 one 390 200 867 1178 
20180810_iphone_green_0097_291.jpg 1 one 492 692 723 1255 
20180810_iphone_green_0014_276.jpg 1 one 149 549 599 1459 
20180810_iphone_green_0027_11.jpg 1 one 473 879 880 1502 
20180810_iphone_green_0001_441.jpg 1 one 345 688 711 1393 
20180810_iphone_green_0041_1.jpg 1 one 221 371 819 1460 
20180810_iphone_green_0083_306.jpg 1 one 109 628 646 1609 
20180810_iphone_green_0041_311.jpg 1 one 393 519 824 1234 
20180810_iphone_green_0001_131.jpg 1 one 237 594 734 1634 
20180810_iphone_green_0054_296.jpg 1 one 357 525 783 1324 
20180810_iphone_green_0001_656.jpg 1 one 18 256 559 1359 
20180810_iphone_green_0027_126.jpg 1 one 410 881 790 1508 
20180810_iphone_green_0041_476.jpg 1 one 438 421 1020 1599 
20180810_iphone_green_0054_241.jpg 1 one 619 586 905 1163 
20180810_iphone_green_0001_326.jpg 1 one 224 441 740 1516 
20180810_iphone_green_0068_61.jpg 1 one 0 355 613 1645 
20180810_iphone_green_0041_106.jpg 1 one 669 556 1019 1124 
20180810_iphone_green_0097_76.jpg 1 one 452 647 1015 1684 
20180810_iphone_green_0083_111.jpg 1 one 190 433 715 1528 
20180810_iphone_green_0001_291.jpg 1 one 374 538 878 1584 
20180810_iphone_green_0014_101.jpg 1 one 64 595 630 1667 
20180810_iphone_green_0054_321.jpg 1 one 521 490 904 1240 
20180810_iphone_green_0041_516.jpg 1 one 386 388 949 1578 
20180810_iphone_green_0068_181.jpg 1 one 128 375 690 1506 
20180810_iphone_green_0014_21.jpg 1 one 371 631 956 1812 
20180810_iphone_green_0097_131.jpg 1 one 469 1081 826 1721 
20180810_iphone_green_0054_331.jpg 1 one 547 495 909 1183 
20180810_iphone_green_0041_506.jpg 1 one 409 409 974 1645 
20180810_iphone_green_0068_191.jpg 1 one 59 309 649 1503 
20180810_iphone_green_0097_121.jpg 1 one 600 1002 880 1588 
20180810_iphone_green_0014_111.jpg 1 one 34 622 887 1828 
20180810_iphone_green_0001_281.jpg 1 one 381 531 878 1606 
20180810_iphone_green_0083_6.jpg 1 one 23 645 488 1502 
20180810_iphone_green_0041_116.jpg 1 one 607 576 923 1169 
20180810_iphone_green_0097_66.jpg 1 one 307 693 997 1710 
20180810_iphone_green_0083_101.jpg 1 one 321 526 697 1348 
20180810_iphone_green_0054_11.jpg 1 one 607 712 952 1355 
20180810_iphone_green_0001_336.jpg 1 one 259 425 792 1546 
20180810_iphone_green_0068_71.jpg 1 one 12 322 684 1609 
20180810_iphone_green_0054_251.jpg 1 one 567 653 856 1211 
20180810_iphone_green_0054_286.jpg 1 one 357 576 747 1305 
20180810_iphone_green_0001_646.jpg 1 one 25 316 559 1422 
20180810_iphone_green_0027_136.jpg 1 one 422 812 826 1456 
20180810_iphone_green_0001_121.jpg 1 one 228 578 718 1594 
20180810_iphone_green_0083_316.jpg 1 one 128 581 665 1578 
20180810_iphone_green_0041_301.jpg 1 one 174 350 756 1288 
20180810_iphone_green_0068_231.jpg 1 one 402 81 861 1012 
20180810_iphone_green_0097_281.jpg 1 one 482 681 785 1400 
20180810_iphone_green_0014_266.jpg 1 one 212 502 695 1469 
20180810_iphone_green_0001_451.jpg 1 one 348 768 692 1474 
20180810_iphone_green_0097_256.jpg 1 one 187 744 634 1734 
20180810_iphone_green_0001_486.jpg 1 one 421 476 809 1240 
20180810_iphone_green_0001_11.jpg 1 one 146 562 752 1619 
20180810_iphone_green_0027_241.jpg 1 one 523 719 950 1507 
20180810_iphone_green_0068_351.jpg 1 one 419 669 711 1245 
20180810_iphone_green_0001_531.jpg 1 one 364 364 814 1300 
20180810_iphone_green_0014_306.jpg 1 one 169 712 430 1210 
20180810_iphone_green_0068_386.jpg 1 one 247 500 607 1176 
20180810_iphone_green_0027_296.jpg 1 one 442 719 947 1579 
20180810_iphone_green_0097_336.jpg 1 one 213 676 580 1482 
20180810_iphone_green_0054_126.jpg 1 one 567 627 842 1200 
20180810_iphone_green_0083_276.jpg 1 one 295 660 645 1400 
20180810_iphone_green_0041_31.jpg 1 one 159 403 806 1584 
20180810_iphone_green_0041_261.jpg 1 one 302 584 924 1644 
20180810_iphone_green_0054_326.jpg 1 one 540 491 907 1197 
20180810_iphone_green_0041_511.jpg 1 one 411 393 981 1623 
20180810_iphone_green_0014_26.jpg 1 one 385 600 1013 1877 
20180810_iphone_green_0068_186.jpg 1 one 71 334 662 1522 
20180810_iphone_green_0097_136.jpg 1 one 376 1050 861 1705 
20180810_iphone_green_0014_106.jpg 1 one 78 619 793 1756 
20180810_iphone_green_0001_296.jpg 1 one 359 525 854 1581 
20180810_iphone_green_0001_241.jpg 1 one 421 481 1034 1662 
20180810_iphone_green_0041_101.jpg 1 one 534 531 852 1127 
20180810_iphone_green_0097_71.jpg 1 one 370 656 984 1694 
20180810_iphone_green_0083_116.jpg 1 one 190 319 775 1545 
20180810_iphone_green_0001_321.jpg 1 one 212 431 731 1516 
20180810_iphone_green_0068_66.jpg 1 one 0 327 608 1623 
20180810_iphone_green_0041_471.jpg 1 one 437 409 1021 1589 
20180810_iphone_green_0054_246.jpg 1 one 578 626 866 1195 
20180810_iphone_green_0054_291.jpg 1 one 360 592 756 1332 
20180810_iphone_green_0001_651.jpg 1 one 31 288 565 1381 
20180810_iphone_green_0027_121.jpg 1 one 378 945 761 1588 
20180810_iphone_green_0001_136.jpg 1 one 234 584 752 1659 
20180810_iphone_green_0041_6.jpg 1 one 178 322 771 1441 
20180810_iphone_green_0083_301.jpg 1 one 164 614 671 1521 
20180810_iphone_green_0041_316.jpg 1 one 452 581 873 1247 
20180810_iphone_green_0068_226.jpg 1 one 412 100 864 1055 
20180810_iphone_green_0097_296.jpg 1 one 492 688 709 1205 
20180810_iphone_green_0014_271.jpg 1 one 190 519 665 1467 
20180810_iphone_green_0027_16.jpg 1 one 477 895 882 1531 
20180810_iphone_green_0001_446.jpg 1 one 342 715 688 1421 
20180810_iphone_green_0097_241.jpg 1 one 302 829 645 1548 
20180810_iphone_green_0001_491.jpg 1 one 416 431 814 1200 
20180810_iphone_green_0083_11.jpg 1 one 0 619 473 1519 
20180810_iphone_green_0027_256.jpg 1 one 471 669 933 1451 
20180810_iphone_green_0068_346.jpg 1 one 477 665 756 1215 
20180810_iphone_green_0001_526.jpg 1 one 392 341 835 1226 
20180810_iphone_green_0014_311.jpg 1 one 202 725 468 1226 
20180810_iphone_green_0068_391.jpg 1 one 290 552 652 1225 
20180810_iphone_green_0027_281.jpg 1 one 435 724 950 1593 
20180810_iphone_green_0097_321.jpg 1 one 380 665 611 1235 
20180810_iphone_green_0054_131.jpg 1 one 558 583 836 1162 
20180810_iphone_green_0083_261.jpg 1 one 348 510 653 1165 
20180810_iphone_green_0041_26.jpg 1 one 178 447 852 1625 
20180810_iphone_green_0041_276.jpg 1 one 190 464 947 1686 
20180810_iphone_green_0054_441.jpg 1 one 292 369 736 1236 
20180810_iphone_green_0097_106.jpg 1 one 659 857 935 1505 
20180810_iphone_green_0014_16.jpg 1 one 374 638 934 1756 
20180810_iphone_green_0041_521.jpg 1 one 356 403 911 1532 
20180810_iphone_green_0054_316.jpg 1 one 485 479 897 1274 
20180810_iphone_green_0068_161.jpg 1 one 380 533 833 1421 
20180810_iphone_green_0014_136.jpg 1 one 98 519 623 1548 
20180810_iphone_green_0001_271.jpg 1 one 483 524 1040 1629 
20180810_iphone_green_0083_126.jpg 1 one 128 182 764 1518 
20180810_iphone_green_0054_36.jpg 1 one 594 856 936 1515 
20180810_iphone_green_0041_131.jpg 1 one 490 533 909 1314 
20180810_iphone_green_0068_81.jpg 1 one 194 370 822 1624 
20180810_iphone_green_0068_56.jpg 1 one 22 450 672 1705 
20180810_iphone_green_0097_96.jpg 1 one 509 831 935 1540 
20180810_iphone_green_0001_311.jpg 1 one 258 466 747 1514 
20180810_iphone_green_0054_276.jpg 1 one 464 564 816 1245 
20180810_iphone_green_0027_111.jpg 1 one 387 945 788 1574 
20180810_iphone_green_0041_496.jpg 1 one 424 431 990 1656 
20180810_iphone_green_0001_106.jpg 1 one 195 534 665 1526 
20180810_iphone_green_0041_326.jpg 1 one 466 657 845 1286 
20180810_iphone_green_0083_331.jpg 1 one 190 436 568 1166 
20180810_iphone_green_0001_476.jpg 1 one 423 594 822 1404 
20180810_iphone_green_0014_241.jpg 1 one 385 628 874 1592 
20180810_iphone_green_0027_26.jpg 1 one 498 968 872 1587 
20180810_iphone_green_0068_216.jpg 1 one 371 300 854 1307 
20180810_iphone_green_0027_306.jpg 1 one 457 719 921 1452 
20180810_iphone_green_0001_36.jpg 1 one 84 562 699 1662 
20180810_iphone_green_0014_296.jpg 1 one 107 663 403 1252 
20180810_iphone_green_0097_271.jpg 1 one 399 641 837 1606 
20180810_iphone_green_0014_321.jpg 1 one 261 585 587 1231 
20180810_iphone_green_0001_516.jpg 1 one 430 357 850 1140 
20180810_iphone_green_0027_266.jpg 1 one 459 693 921 1469 
20180810_iphone_green_0068_376.jpg 1 one 251 483 600 1144 
20180810_iphone_green_0054_101.jpg 1 one 523 702 866 1383 
20180810_iphone_green_0097_311.jpg 1 one 461 684 666 1178 
20180810_iphone_green_0041_291.jpg 1 one 56 288 796 1538 
20180810_iphone_green_0083_286.jpg 1 one 259 729 631 1457 
20180810_iphone_green_0054_6.jpg 1 one 596 698 961 1373 
20180810_iphone_green_0041_16.jpg 1 one 237 478 843 1584 
20180810_iphone_green_0041_246.jpg 1 one 374 888 937 1866 
20180810_iphone_green_0083_251.jpg 1 one 316 388 633 1066 
20180810_iphone_green_0097_111.jpg 1 one 633 879 898 1488 
20180810_iphone_green_0041_536.jpg 1 one 369 386 840 1326 
20180810_iphone_green_0054_301.jpg 1 one 335 464 790 1310 
20180810_iphone_green_0068_176.jpg 1 one 163 431 696 1506 
20180810_iphone_green_0083_131.jpg 1 one 84 209 718 1509 
20180810_iphone_green_0054_21.jpg 1 one 607 826 916 1436 
20180810_iphone_green_0041_126.jpg 1 one 526 569 907 1271 
20180810_iphone_green_0068_41.jpg 1 one 199 566 778 1716 
20180810_iphone_green_0097_81.jpg 1 one 465 681 1006 1650 
20180810_iphone_green_0001_306.jpg 1 one 284 484 781 1525 
20180810_iphone_green_0083_441.jpg 1 one 200 414 733 1421 
20180810_iphone_green_0054_261.jpg 1 one 595 621 900 1219 
20180810_iphone_green_0027_106.jpg 1 one 420 936 811 1562 
20180810_iphone_green_0041_481.jpg 1 one 456 416 1034 1599 
20180810_iphone_green_0001_111.jpg 1 one 209 543 685 1548 
20180810_iphone_green_0041_331.jpg 1 one 485 683 876 1302 
20180810_iphone_green_0083_326.jpg 1 one 159 499 589 1325 
20180810_iphone_green_0001_461.jpg 1 one 390 774 759 1543 
20180810_iphone_green_0014_256.jpg 1 one 262 525 752 1497 
20180810_iphone_green_0027_31.jpg 1 one 442 985 836 1592 
20180810_iphone_green_0068_201.jpg 1 one 162 300 709 1434 
20180810_iphone_green_0027_311.jpg 1 one 466 724 914 1421 
20180810_iphone_green_0014_281.jpg 1 one 130 590 535 1426 
20180810_iphone_green_0001_21.jpg 1 one 93 556 706 1638 
20180810_iphone_green_0097_266.jpg 1 one 352 638 818 1684 
20180810_iphone_green_0014_336.jpg 1 one 404 460 876 1426 
20180810_iphone_green_0001_501.jpg 1 one 428 369 825 1090 
20180810_iphone_green_0027_271.jpg 1 one 454 690 926 1488 
20180810_iphone_green_0068_361.jpg 1 one 338 590 654 1212 
20180810_iphone_green_0054_116.jpg 1 one 578 669 861 1259 
20180810_iphone_green_0097_306.jpg 1 one 506 700 713 1183 
20180810_iphone_green_0041_286.jpg 1 one 76 350 863 1682 
20180810_iphone_green_0083_291.jpg 1 one 254 698 659 1448 
20180810_iphone_green_0041_251.jpg 1 one 384 778 965 1786 
20180810_iphone_green_0083_246.jpg 1 one 308 271 634 989 
20180810_iphone_green_0041_11.jpg 1 one 198 290 815 1414 
20180810_iphone_green_0054_1.jpg 1 one 590 702 977 1394 
20180810_iphone_green_0041_241.jpg 1 one 385 941 895 1884 
20180810_iphone_green_0083_256.jpg 1 one 333 493 640 1148 
20180810_iphone_green_0041_296.jpg 1 one 99 297 752 1397 
20180810_iphone_green_0083_281.jpg 1 one 261 714 616 1448 
20180810_iphone_green_0054_106.jpg 1 one 544 690 861 1329 
20180810_iphone_green_0097_316.jpg 1 one 400 688 623 1219 
20180810_iphone_green_0014_326.jpg 1 one 304 452 688 1238 
20180810_iphone_green_0001_511.jpg 1 one 440 348 850 1110 
20180810_iphone_green_0027_261.jpg 1 one 469 679 935 1460 
20180810_iphone_green_0068_371.jpg 1 one 282 504 621 1160 
20180810_iphone_green_0014_291.jpg 1 one 92 652 417 1310 
20180810_iphone_green_0001_31.jpg 1 one 74 569 696 1666 
20180810_iphone_green_0097_276.jpg 1 one 456 662 827 1494 
20180810_iphone_green_0001_471.jpg 1 one 433 667 819 1469 
20180810_iphone_green_0014_246.jpg 1 one 343 597 831 1562 
20180810_iphone_green_0027_21.jpg 1 one 488 931 888 1555 
20180810_iphone_green_0068_211.jpg 1 one 312 341 818 1381 
20180810_iphone_green_0027_301.jpg 1 one 447 714 923 1502 
20180810_iphone_green_0041_321.jpg 1 one 471 626 878 1265 
20180810_iphone_green_0083_336.jpg 1 one 235 412 559 1060 
20180810_iphone_green_0001_101.jpg 1 one 174 538 638 1516 
20180810_iphone_green_0027_116.jpg 1 one 371 952 783 1586 
20180810_iphone_green_0041_491.jpg 1 one 443 438 991 1621 
20180810_iphone_green_0054_271.jpg 1 one 540 567 888 1240 
20180810_iphone_green_0068_51.jpg 1 one 81 497 708 1720 
20180810_iphone_green_0097_91.jpg 1 one 383 838 914 1590 
20180810_iphone_green_0001_316.jpg 1 one 237 438 747 1511 
20180810_iphone_green_0083_121.jpg 1 one 181 214 799 1532 
20180810_iphone_green_0054_31.jpg 1 one 621 867 942 1487 
20180810_iphone_green_0041_136.jpg 1 one 461 512 930 1393 
20180810_iphone_green_0068_86.jpg 1 one 402 412 947 1528 
20180810_iphone_green_0001_276.jpg 1 one 424 531 943 1638 
20180810_iphone_green_0068_166.jpg 1 one 315 467 793 1419 
20180810_iphone_green_0097_101.jpg 1 one 623 843 947 1538 
20180810_iphone_green_0014_11.jpg 1 one 328 625 878 1716 
20180810_iphone_green_0041_526.jpg 1 one 342 429 873 1483 
20180810_iphone_green_0054_311.jpg 1 one 428 443 866 1279 
20180810_iphone_green_0041_256.jpg 1 one 350 669 959 1709 
20180810_iphone_green_0083_241.jpg 1 one 297 250 632 995 
20180810_iphone_green_0041_281.jpg 1 one 137 444 893 1725 
20180810_iphone_green_0083_296.jpg 1 one 238 643 685 1474 
20180810_iphone_green_0054_111.jpg 1 one 563 679 861 1285 
20180810_iphone_green_0097_301.jpg 1 one 511 706 729 1189 
20180810_iphone_green_0014_331.jpg 1 one 347 414 776 1312 
20180810_iphone_green_0001_506.jpg 1 one 426 340 833 1069 
20180810_iphone_green_0027_276.jpg 1 one 445 707 926 1533 
20180810_iphone_green_0068_366.jpg 1 one 314 536 640 1181 
20180810_iphone_green_0001_26.jpg 1 one 73 569 699 1662 
20180810_iphone_green_0014_286.jpg 1 one 111 629 469 1364 
20180810_iphone_green_0097_261.jpg 1 one 278 675 722 1719 
20180810_iphone_green_0001_466.jpg 1 one 423 731 809 1514 
20180810_iphone_green_0014_251.jpg 1 one 296 553 781 1531 
20180810_iphone_green_0027_36.jpg 1 one 397 1002 807 1600 
20180810_iphone_green_0068_206.jpg 1 one 246 341 768 1428 
20180810_iphone_green_0041_336.jpg 1 one 508 679 921 1302 
20180810_iphone_green_0083_321.jpg 1 one 141 550 628 1478 
20180810_iphone_green_0001_116.jpg 1 one 221 557 700 1561 
20180810_iphone_green_0027_101.jpg 1 one 440 945 811 1574 
20180810_iphone_green_0041_486.jpg 1 one 452 434 1002 1619 
20180810_iphone_green_0083_446.jpg 1 one 228 444 740 1409 
20180810_iphone_green_0054_266.jpg 1 one 589 588 919 1217 
20180810_iphone_green_0068_46.jpg 1 one 149 538 746 1734 
20180810_iphone_green_0097_86.jpg 1 one 347 800 935 1643 
20180810_iphone_green_0001_301.jpg 1 one 328 514 823 1541 
20180810_iphone_green_0083_136.jpg 1 one 109 288 690 1462 
20180810_iphone_green_0054_26.jpg 1 one 628 875 943 1485 
20180810_iphone_green_0041_121.jpg 1 one 553 575 888 1220 
20180810_iphone_green_0068_171.jpg 1 one 228 447 737 1466 
20180810_iphone_green_0097_116.jpg 1 one 586 967 871 1535 
20180810_iphone_green_0041_531.jpg 1 one 351 404 848 1391 
20180810_iphone_green_0054_306.jpg 1 one 373 436 833 1288 
20180810_iphone_green_0014_61.jpg 1 one 215 597 709 1522 
20180810_iphone_green_0097_171.jpg 1 one 188 452 707 1376 
20180810_iphone_green_0054_361.jpg 1 one 357 414 802 1293 
20180810_iphone_green_0014_196.jpg 1 one 93 681 606 1625 
20180810_iphone_green_0041_556.jpg 1 one 476 507 823 1212 
20180810_iphone_green_0014_141.jpg 1 one 188 560 657 1510 
20180810_iphone_green_0097_6.jpg 1 one 161 662 664 1605 
20180810_iphone_green_0001_206.jpg 1 one 312 541 918 1800 
20180810_iphone_green_0083_151.jpg 1 one 148 431 573 1286 
20180810_iphone_green_0054_41.jpg 1 one 569 855 933 1552 
20180810_iphone_green_0041_146.jpg 1 one 335 406 962 1537 
20180810_iphone_green_0054_96.jpg 1 one 490 683 871 1433 
20180810_iphone_green_0083_186.jpg 1 one 295 474 738 1367 
20180810_iphone_green_0001_366.jpg 1 one 31 331 656 1672 
20180810_iphone_green_0041_191.jpg 1 one 457 508 869 1240 
20180810_iphone_green_0068_21.jpg 1 one 302 614 750 1540 
20180810_iphone_green_0054_201.jpg 1 one 442 693 885 1471 
20180810_iphone_green_0027_166.jpg 1 one 421 805 904 1550 
20180810_iphone_green_0001_616.jpg 1 one 106 478 659 1581 
20180810_iphone_green_0041_386.jpg 1 one 393 472 1080 1656 
20180810_iphone_green_0001_171.jpg 1 one 337 597 918 1791 
20180810_iphone_green_0083_391.jpg 1 one 150 410 514 1114 
20180810_iphone_green_0041_351.jpg 1 one 561 645 1009 1364 
20180810_iphone_green_0083_346.jpg 1 one 276 424 530 940 
20180810_iphone_green_0001_96.jpg 1 one 143 525 606 1512 
20180810_iphone_green_0014_236.jpg 1 one 374 641 856 1612 
20180810_iphone_green_0083_81.jpg 1 one 404 843 609 1286 
20180810_iphone_green_0027_51.jpg 1 one 419 952 818 1611 
20180810_iphone_green_0001_401.jpg 1 one 184 494 749 1684 
20180810_iphone_green_0068_261.jpg 1 one 545 810 932 1551 
20180810_iphone_green_0027_86.jpg 1 one 422 962 809 1601 
20180810_iphone_green_0083_56.jpg 1 one 188 614 569 1390 
20180810_iphone_green_0001_41.jpg 1 one 74 544 693 1628 
20180810_iphone_green_0097_206.jpg 1 one 446 892 668 1354 
20180810_iphone_green_0001_561.jpg 1 one 287 400 774 1419 
20180810_iphone_green_0027_211.jpg 1 one 352 724 826 1500 
20180810_iphone_green_0068_301.jpg 1 one 488 604 828 1260 
20180810_iphone_green_0054_176.jpg 1 one 459 760 840 1481 
20180810_iphone_green_0014_1.jpg 1 one 353 502 890 1592 
20180810_iphone_green_0041_61.jpg 1 one 181 273 949 1727 
20180810_iphone_green_0041_231.jpg 1 one 464 809 947 1679 
20180810_iphone_green_0054_406.jpg 1 one 571 574 859 1162 
20180810_iphone_green_0083_226.jpg 1 one 288 436 609 1164 
20180810_iphone_green_0014_76.jpg 1 one 97 705 504 1412 
20180810_iphone_green_0097_166.jpg 1 one 57 521 633 1395 
20180810_iphone_green_0014_181.jpg 1 one 109 738 657 1607 
20180810_iphone_green_0054_376.jpg 1 one 521 464 947 1317 
20180810_iphone_green_0041_541.jpg 1 one 442 379 876 1290 
20180810_iphone_green_0014_156.jpg 1 one 295 612 707 1467 
20180810_iphone_green_0001_211.jpg 1 one 315 534 920 1775 
20180810_iphone_green_0083_146.jpg 1 one 145 407 611 1343 
20180810_iphone_green_0054_56.jpg 1 one 359 788 813 1640 
20180810_iphone_green_0041_151.jpg 1 one 249 336 972 1627 
20180810_iphone_green_0097_21.jpg 1 one 40 481 624 1622 
20180810_iphone_green_0054_81.jpg 1 one 364 652 826 1536 
20180810_iphone_green_0083_191.jpg 1 one 312 484 759 1391 
20180810_iphone_green_0041_186.jpg 1 one 402 526 842 1307 
20180810_iphone_green_0001_371.jpg 1 one 48 336 663 1667 
20180810_iphone_green_0068_36.jpg 1 one 227 610 778 1734 
20180810_iphone_green_0083_436.jpg 1 one 119 364 666 1412 
20180810_iphone_green_0054_216.jpg 1 one 404 631 857 1445 
20180810_iphone_green_0027_171.jpg 1 one 411 800 888 1555 
20180810_iphone_green_0001_601.jpg 1 one 102 331 671 1459 
20180810_iphone_green_0001_166.jpg 1 one 321 603 874 1750 
20180810_iphone_green_0041_391.jpg 1 one 321 475 1080 1658 
20180810_iphone_green_0083_386.jpg 1 one 192 404 508 1027 
20180810_iphone_green_0041_346.jpg 1 one 566 655 995 1340 
20180810_iphone_green_0083_351.jpg 1 one 273 451 507 928 
20180810_iphone_green_0014_221.jpg 1 one 104 616 643 1598 
20180810_iphone_green_0001_81.jpg 1 one 152 497 615 1466 
20180810_iphone_green_0083_96.jpg 1 one 363 627 678 1312 
20180810_iphone_green_0027_46.jpg 1 one 400 983 786 1614 
20180810_iphone_green_0001_416.jpg 1 one 258 683 707 1548 
20180810_iphone_green_0068_276.jpg 1 one 498 721 863 1408 
20180810_iphone_green_0027_91.jpg 1 one 401 985 792 1603 
20180810_iphone_green_0083_41.jpg 1 one 49 259 622 1468 
20180810_iphone_green_0001_56.jpg 1 one 69 524 661 1576 
20180810_iphone_green_0097_211.jpg 1 one 436 903 652 1374 
20180810_iphone_green_0001_576.jpg 1 one 93 450 637 1496 
20180810_iphone_green_0014_341.jpg 1 one 424 512 924 1534 
20180810_iphone_green_0027_206.jpg 1 one 345 731 830 1521 
20180810_iphone_green_0068_316.jpg 1 one 626 562 895 1098 
20180810_iphone_green_0054_161.jpg 1 one 445 811 783 1463 
20180810_iphone_green_0068_6.jpg 1 one 366 583 773 1405 
20180810_iphone_green_0041_76.jpg 1 one 99 378 749 1538 
20180810_iphone_green_0041_226.jpg 1 one 483 679 959 1514 
20180810_iphone_green_0054_411.jpg 1 one 573 598 869 1176 
20180810_iphone_green_0083_231.jpg 1 one 298 383 627 1119 
20180810_iphone_green_0041_66.jpg 1 one 172 268 945 1705 
20180810_iphone_green_0041_236.jpg 1 one 433 907 919 1802 
20180810_iphone_green_0054_401.jpg 1 one 595 574 883 1160 
20180810_iphone_green_0083_221.jpg 1 one 295 452 633 1200 
20180810_iphone_green_0054_171.jpg 1 one 447 769 823 1471 
20180810_iphone_green_0014_6.jpg 1 one 312 573 868 1691 
20180810_iphone_green_0001_566.jpg 1 one 209 388 713 1426 
20180810_iphone_green_0027_216.jpg 1 one 365 742 827 1477 
20180810_iphone_green_0068_306.jpg 1 one 521 601 850 1219 
20180810_iphone_green_0083_51.jpg 1 one 126 505 599 1480 
20180810_iphone_green_0027_81.jpg 1 one 419 952 807 1611 
20180810_iphone_green_0001_46.jpg 1 one 68 531 684 1601 
20180810_iphone_green_0097_201.jpg 1 one 471 876 700 1347 
20180810_iphone_green_0014_231.jpg 1 one 309 621 790 1607 
20180810_iphone_green_0001_91.jpg 1 one 143 522 605 1496 
20180810_iphone_green_0027_56.jpg 1 one 410 944 822 1623 
20180810_iphone_green_0083_86.jpg 1 one 416 797 638 1285 
20180810_iphone_green_0001_406.jpg 1 one 206 584 724 1644 
20180810_iphone_green_0068_266.jpg 1 one 554 810 930 1519 
20180810_iphone_green_0041_356.jpg 1 one 516 645 1021 1410 
20180810_iphone_green_0083_341.jpg 1 one 266 408 546 981 
20180810_iphone_green_0001_176.jpg 1 one 329 581 924 1803 
20180810_iphone_green_0041_381.jpg 1 one 487 431 1080 1611 
20180810_iphone_green_0027_161.jpg 1 one 426 812 921 1552 
20180810_iphone_green_0001_611.jpg 1 one 96 412 665 1522 
20180810_iphone_green_0054_206.jpg 1 one 421 674 876 1479 
20180810_iphone_green_0054_91.jpg 1 one 457 676 873 1474 
20180810_iphone_green_0083_181.jpg 1 one 300 517 730 1367 
20180810_iphone_green_0041_196.jpg 1 one 497 505 864 1202 
20180810_iphone_green_0001_361.jpg 1 one 56 343 681 1645 
20180810_iphone_green_0068_26.jpg 1 one 290 678 759 1650 
20180810_iphone_green_0083_156.jpg 1 one 190 464 597 1264 
20180810_iphone_green_0054_46.jpg 1 one 511 843 907 1588 
20180810_iphone_green_0041_141.jpg 1 one 416 476 945 1481 
20180810_iphone_green_0097_31.jpg 1 one 140 356 721 1541 
20180810_iphone_green_0001_201.jpg 1 one 309 547 918 1816 
20180810_iphone_green_0041_586.jpg 1 one 440 43 823 793 
20180810_iphone_green_0014_146.jpg 1 one 250 605 669 1505 
20180810_iphone_green_0014_66.jpg 1 one 83 714 596 1479 
20180810_iphone_green_0097_176.jpg 1 one 314 567 769 1357 
20180810_iphone_green_0014_191.jpg 1 one 102 678 616 1626 
20180810_iphone_green_0054_366.jpg 1 one 371 419 812 1296 
20180810_iphone_green_0041_551.jpg 1 one 433 445 811 1231 
20180810_iphone_green_0041_71.jpg 1 one 127 305 849 1645 
20180810_iphone_green_0041_221.jpg 1 one 516 505 971 1276 
20180810_iphone_green_0054_416.jpg 1 one 555 617 861 1227 
20180810_iphone_green_0083_236.jpg 1 one 292 313 626 1069 
20180810_iphone_green_0068_1.jpg 1 one 376 574 766 1364 
20180810_iphone_green_0054_166.jpg 1 one 457 788 811 1466 
20180810_iphone_green_0001_571.jpg 1 one 135 429 647 1464 
20180810_iphone_green_0014_346.jpg 1 one 402 523 915 1584 
20180810_iphone_green_0027_201.jpg 1 one 385 721 886 1532 
20180810_iphone_green_0068_311.jpg 1 one 583 583 879 1155 
20180810_iphone_green_0083_46.jpg 1 one 84 369 618 1503 
20180810_iphone_green_0027_96.jpg 1 one 408 988 790 1590 
20180810_iphone_green_0001_51.jpg 1 one 68 531 671 1588 
20180810_iphone_green_0097_216.jpg 1 one 428 918 645 1390 
20180810_iphone_green_0001_86.jpg 1 one 149 516 608 1489 
20180810_iphone_green_0014_226.jpg 1 one 184 575 715 1569 
20180810_iphone_green_0027_41.jpg 1 one 371 1002 783 1614 
20180810_iphone_green_0083_91.jpg 1 one 397 716 655 1285 
20180810_iphone_green_0001_411.jpg 1 one 224 650 689 1594 
20180810_iphone_green_0068_271.jpg 1 one 538 774 902 1467 
20180810_iphone_green_0041_341.jpg 1 one 538 671 947 1324 
20180810_iphone_green_0083_356.jpg 1 one 276 478 501 931 
20180810_iphone_green_0041_396.jpg 1 one 340 428 1078 1678 
20180810_iphone_green_0001_161.jpg 1 one 287 587 828 1719 
20180810_iphone_green_0083_381.jpg 1 one 224 421 505 982 
20180810_iphone_green_0027_176.jpg 1 one 419 788 907 1552 
20180810_iphone_green_0001_606.jpg 1 one 102 362 674 1481 
20180810_iphone_green_0054_211.jpg 1 one 378 664 842 1469 
20180810_iphone_green_0054_86.jpg 1 one 418 667 854 1494 
20180810_iphone_green_0083_196.jpg 1 one 361 557 790 1452 
20180810_iphone_green_0001_376.jpg 1 one 62 322 681 1672 
20180810_iphone_green_0041_181.jpg 1 one 349 522 824 1406 
20180810_iphone_green_0068_31.jpg 1 one 259 647 768 1700 
20180810_iphone_green_0083_141.jpg 1 one 140 347 662 1409 
20180810_iphone_green_0054_51.jpg 1 one 430 826 861 1629 
20180810_iphone_green_0041_156.jpg 1 one 195 282 1013 1709 
20180810_iphone_green_0097_26.jpg 1 one 74 400 662 1572 
20180810_iphone_green_0001_216.jpg 1 one 306 527 908 1759 
20180810_iphone_green_0014_151.jpg 1 one 280 624 690 1493 
20180810_iphone_green_0014_71.jpg 1 one 40 762 526 1439 
20180810_iphone_green_0097_161.jpg 1 one 10 567 550 1395 
20180810_iphone_green_0054_371.jpg 1 one 438 440 866 1307 
20180810_iphone_green_0014_186.jpg 1 one 90 695 580 1612 
20180810_iphone_green_0041_546.jpg 1 one 465 390 859 1243 
